-0.16601562500000000000 0.15393066406250000000
0.44067382812500000000 0.75073242187500000000
-0.99975585937500000000 0.21716308593750000000
-0.39538574218750000000 -0.49670410156250000000
-0.70654296875000000000 -0.40771484375000000000
-0.81530761718750000000 0.06579589843750000000
-0.62744140625000000000 0.92419433593750000000
-0.30883789062500000000 -0.63098144531250000000
-0.20642089843750000000 0.01977539062500000000
0.07763671875000000000 -0.31237792968750000000
-0.16162109375000000000 0.53942871093750000000
0.37048339843750000000 0.60571289062500000000
-0.59106445312500000000 -0.15087890625000000000
0.75622558593750000000 -0.59179687500000000000
-0.94519042968750000000 -0.86584472656250000000
0.34094238281250000000 -0.60266113281250000000
-0.16540527343750000000 -0.45520019531250000000
0.11743164062500000000 0.19763183593750000000
-0.71923828125000000000 0.74621582031250000000
-0.60375976562500000000 -0.74353027343750000000
0.60144042968750000000 0.91638183593750000000
0.93652343750000000000 0.36633300781250000000
-0.37316894531250000000 0.48388671875000000000
0.38464355468750000000 0.96582031250000000000
0.75280761718750000000 -0.16784667968750000000
0.78918457031250000000 0.06311035156250000000
-0.82995605468750000000 0.35839843750000000000
-0.92187500000000000000 0.02575683593750000000
-0.66027832031250000000 -0.40173339843750000000
0.75622558593750000000 -0.78918457031250000000
-0.80334472656250000000 -0.43017578125000000000
-0.15783691406250000000 0.53771972656250000000
0.91577148437500000000 0.28161621093750000000
0.06628417968750000000 0.60266113281250000000
0.38378906250000000000 0.03430175781250000000
-0.36901855468750000000 -0.53576660156250000000
0.37304687500000000000 0.25598144531250000000
0.66931152343750000000 -0.39196777343750000000
-0.96337890625000000000 -0.94091796875000000000
0.50024414062500000000 0.80664062500000000000
0.97778320312500000000 -0.15930175781250000000
0.49633789062500000000 -0.14770507812500000000
-0.43908691406250000000 0.48254394531250000000
0.57861328125000000000 0.89697265625000000000
-0.79357910156250000000 -0.85498046875000000000
-0.10424804687500000000 -0.65454101562500000000
0.81713867187500000000 -0.35522460937500000000
-0.41271972656250000000 -0.50317382812500000000
-0.42443847656250000000 -0.00903320312500000000
-0.73999023437500000000 0.64892578125000000000
-0.96130371093750000000 0.70788574218750000000
0.35766601562500000000 0.19165039062500000000
-0.57678222656250000000 -0.51965332031250000000
-0.46887207031250000000 -0.62707519531250000000
-0.01684570312500000000 0.48681640625000000000
-0.89331054687500000000 -0.52551269531250000000
0.14819335937500000000 0.07897949218750000000
-0.70654296875000000000 0.49853515625000000000
0.17858886718750000000 -0.54345703125000000000
0.39953613281250000000 -0.65100097656250000000
-0.79528808593750000000 -0.92053222656250000000
-0.17187500000000000000 -0.70483398437500000000
0.38879394531250000000 0.70288085937500000000
-0.17163085937500000000 -0.79077148437500000000
-0.90014648437500000000 -0.55273437500000000000
0.07177734375000000000 -0.93444824218750000000
0.32763671875000000000 0.35266113281250000000
0.02978515625000000000 -0.53662109375000000000
0.88916015625000000000 -0.17285156250000000000
0.17309570312500000000 -0.72143554687500000000
0.80676269531250000000 -0.24560546875000000000
-0.72509765625000000000 -0.15112304687500000000
-0.72143554687500000000 -0.05407714843750000000
0.61474609375000000000 -0.15429687500000000000
-0.20458984375000000000 -0.79443359375000000000
-0.66931152343750000000 0.54516601562500000000
0.85498046875000000000 -0.72558593750000000000
-0.30444335937500000000 -0.15136718750000000000
0.50158691406250000000 -0.45605468750000000000
0.45202636718750000000 -0.39794921875000000000
0.76660156250000000000 0.34484863281250000000
0.24731445312500000000 0.03552246093750000000
0.50183105468750000000 -0.61987304687500000000
-0.30224609375000000000 -0.06176757812500000000
-0.46020507812500000000 -0.32092285156250000000
0.79174804687500000000 0.40893554687500000000
-0.14379882812500000000 -0.54785156250000000000
0.92968750000000000000 0.68994140625000000000
0.32690429687500000000 0.05249023437500000000
0.24340820312500000000 0.00122070312500000000
-0.77050781250000000000 -0.49267578125000000000
0.89892578125000000000 -0.62768554687500000000
-0.10021972656250000000 -0.05639648437500000000
0.15673828125000000000 0.96362304687500000000
-0.18371582031250000000 -0.73413085937500000000
-0.52600097656250000000 -0.43310546875000000000
0.80676269531250000000 0.60131835937500000000
0.14733886718750000000 0.32958984375000000000
-0.99426269531250000000 -0.44250488281250000000
0.23425292968750000000 -0.37072753906250000000
-0.34667968750000000000 -0.16015625000000000000
0.05407714843750000000 0.20556640625000000000
0.77185058593750000000 0.43872070312500000000
-0.28540039062500000000 0.71459960937500000000
0.81701660156250000000 0.36218261718750000000
0.24670410156250000000 -0.52600097656250000000
-0.96838378906250000000 0.85144042968750000000
0.85888671875000000000 0.56237792968750000000
0.38183593750000000000 -0.38525390625000000000
0.99462890625000000000 -0.39001464843750000000
-0.65527343750000000000 0.76232910156250000000
-0.72570800781250000000 -0.74780273437500000000
0.86523437500000000000 0.26696777343750000000
0.39367675781250000000 -0.44458007812500000000
-0.86804199218750000000 0.65441894531250000000
0.51098632812500000000 -0.27099609375000000000
0.50781250000000000000 0.46667480468750000000
0.84606933593750000000 -0.61511230468750000000
0.42309570312500000000 -0.03710937500000000000
-0.75146484375000000000 0.60717773437500000000
-0.96020507812500000000 -0.20605468750000000000
-0.94763183593750000000 -0.67687988281250000000
-0.94335937500000000000 0.29797363281250000000
-0.50756835937500000000 0.50659179687500000000
0.72009277343750000000 -0.43957519531250000000
0.07763671875000000000 -0.09729003906250000000
0.10559082031250000000 0.80090332031250000000
0.68408203125000000000 0.74401855468750000000
-0.75170898437500000000 0.41442871093750000000
-0.44165039062500000000 0.18176269531250000000
0.17150878906250000000 0.63476562500000000000
0.93920898437500000000 0.81530761718750000000
0.12207031250000000000 -0.99499511718750000000
-0.96264648437500000000 -0.20556640625000000000
0.60131835937500000000 0.12280273437500000000
-0.53405761718750000000 0.46789550781250000000
0.61425781250000000000 -0.82507324218750000000
-0.22424316406250000000 -0.20043945312500000000
0.72705078125000000000 -0.44079589843750000000
0.49426269531250000000 -0.15295410156250000000
0.11242675781250000000 -0.00402832031250000000
-0.72705078125000000000 0.32006835937500000000
-0.88012695312500000000 -0.00756835937500000000
-0.75732421875000000000 0.24096679687500000000
-0.91088867187500000000 0.16491699218750000000
-0.78503417968750000000 -0.14331054687500000000
-0.54858398437500000000 -0.98999023437500000000
0.42602539062500000000 -0.61096191406250000000
0.11938476562500000000 -0.35961914062500000000
-0.97485351562500000000 -0.70605468750000000000
-0.85607910156250000000 0.19738769531250000000
0.93457031250000000000 0.22302246093750000000
0.13623046875000000000 0.00024414062500000000
-0.59338378906250000000 -0.35827636718750000000
-0.49536132812500000000 0.30651855468750000000
0.48767089843750000000 -0.61938476562500000000
-0.60913085937500000000 -0.98828125000000000000
0.16271972656250000000 0.46984863281250000000
0.94006347656250000000 -0.11303710937500000000
0.69360351562500000000 0.39562988281250000000
-0.52026367187500000000 -0.62988281250000000000
-0.01245117187500000000 -0.87475585937500000000
0.23986816406250000000 -0.24377441406250000000
0.65795898437500000000 0.39196777343750000000
-0.68640136718750000000 -0.79431152343750000000
-0.96289062500000000000 -0.60827636718750000000
-0.85998535156250000000 -0.09204101562500000000
-0.02734375000000000000 0.24230957031250000000
0.21264648437500000000 0.50024414062500000000
0.13769531250000000000 -0.78051757812500000000
-0.36523437500000000000 0.24926757812500000000
0.97717285156250000000 -0.22521972656250000000
0.15954589843750000000 0.34020996093750000000
-0.23974609375000000000 -0.59289550781250000000
0.10192871093750000000 0.05578613281250000000
0.49072265625000000000 -0.65563964843750000000
0.33850097656250000000 -0.96264648437500000000
-0.47021484375000000000 -0.02612304687500000000
-0.86730957031250000000 -0.63159179687500000000
-0.25988769531250000000 0.27673339843750000000
0.25939941406250000000 0.07312011718750000000
-0.57971191406250000000 0.54992675781250000000
0.50549316406250000000 -0.21411132812500000000
-0.86694335937500000000 0.97888183593750000000
-0.47937011718750000000 0.03039550781250000000
0.60949707031250000000 -0.04235839843750000000
-0.61315917968750000000 0.49890136718750000000
0.27893066406250000000 0.14538574218750000000
0.04931640625000000000 -0.27502441406250000000
0.84960937500000000000 -0.02148437500000000000
-0.47338867187500000000 -0.62170410156250000000
-0.86804199218750000000 -0.21289062500000000000
0.47009277343750000000 -0.94006347656250000000
0.54431152343750000000 -0.07495117187500000000
0.81567382812500000000 -0.45104980468750000000
0.86389160156250000000 0.05346679687500000000
-0.97204589843750000000 -0.94140625000000000000
-0.53125000000000000000 0.11022949218750000000
0.23352050781250000000 -0.41406250000000000000
0.89807128906250000000 0.15502929687500000000
0.90039062500000000000 0.46557617187500000000
0.11328125000000000000 -0.11938476562500000000
0.83117675781250000000 0.32629394531250000000
0.28308105468750000000 -0.52221679687500000000
-0.21997070312500000000 0.99719238281250000000
-0.02807617187500000000 -0.51428222656250000000
0.20861816406250000000 0.88171386718750000000
0.09912109375000000000 -0.56555175781250000000
0.85241699218750000000 -0.00488281250000000000
0.83752441406250000000 0.64233398437500000000
-0.21020507812500000000 0.43322753906250000000
0.92651367187500000000 0.41113281250000000000
-0.65209960937500000000 -0.11914062500000000000
-0.74731445312500000000 0.50830078125000000000
-0.72985839843750000000 0.83996582031250000000
0.01135253906250000000 -0.11730957031250000000
-0.95690917968750000000 0.05590820312500000000
0.89599609375000000000 -0.86791992187500000000
0.65417480468750000000 -0.21850585937500000000
-0.96997070312500000000 -0.06555175781250000000
-0.64758300781250000000 0.79028320312500000000
-0.33581542968750000000 -0.77893066406250000000
-0.73803710937500000000 0.46228027343750000000
0.61901855468750000000 0.09094238281250000000
-0.31054687500000000000 0.21301269531250000000
0.88024902343750000000 -0.94042968750000000000
0.16406250000000000000 -0.70654296875000000000
0.75769042968750000000 -0.43200683593750000000
0.68945312500000000000 -0.99023437500000000000
0.81079101562500000000 0.33825683593750000000
-0.08020019531250000000 0.74047851562500000000
0.09265136718750000000 0.09399414062500000000
0.59716796875000000000 0.08630371093750000000
-0.42858886718750000000 0.23144531250000000000
-0.01953125000000000000 -0.39562988281250000000
0.19824218750000000000 -0.26647949218750000000
-0.96899414062500000000 0.14990234375000000000
0.18701171875000000000 0.61840820312500000000
-0.13269042968750000000 -0.59680175781250000000
0.61474609375000000000 -0.34497070312500000000
-0.36950683593750000000 0.48583984375000000000
0.78576660156250000000 -0.31811523437500000000
0.15576171875000000000 -0.90478515625000000000
-0.63195800781250000000 -0.68725585937500000000
0.57580566406250000000 -0.61230468750000000000
0.22412109375000000000 -0.00976562500000000000
-0.89221191406250000000 0.27026367187500000000
-0.15966796875000000000 0.76049804687500000000
0.35815429687500000000 0.80505371093750000000
0.83715820312500000000 -0.38562011718750000000
-0.99914550781250000000 0.50671386718750000000
0.95349121093750000000 -0.43518066406250000000
-0.24682617187500000000 -0.26281738281250000000
0.94750976562500000000 -0.41455078125000000000
0.20947265625000000000 -0.17260742187500000000
0.65771484375000000000 -0.57055664062500000000
0.14941406250000000000 -0.36206054687500000000
0.25610351562500000000 -0.75610351562500000000
-0.42883300781250000000 0.92602539062500000000
0.17370605468750000000 0.00793457031250000000
0.50000000000000000000 0.84619140625000000000
0.71667480468750000000 0.49230957031250000000
0.51013183593750000000 -0.08459472656250000000
0.39611816406250000000 0.50927734375000000000
0.72900390625000000000 0.25610351562500000000
-0.35461425781250000000 -0.39245605468750000000
0.34155273437500000000 0.04333496093750000000
-0.09826660156250000000 0.42468261718750000000
-0.23583984375000000000 -0.38940429687500000000
-0.17834472656250000000 -0.97497558593750000000
-0.19702148437500000000 -0.46350097656250000000
-0.36523437500000000000 0.59350585937500000000
0.24389648437500000000 0.85998535156250000000
-0.13952636718750000000 0.25061035156250000000
0.94763183593750000000 -0.73437500000000000000
0.35559082031250000000 0.51513671875000000000
-0.60290527343750000000 0.05383300781250000000
-0.14660644531250000000 0.50769042968750000000
-0.31335449218750000000 0.71716308593750000000
0.59533691406250000000 0.89514160156250000000
0.76000976562500000000 0.30908203125000000000
0.80773925781250000000 0.70849609375000000000
0.32543945312500000000 0.48522949218750000000
-0.45959472656250000000 0.45422363281250000000
-0.49523925781250000000 0.71752929687500000000
0.70983886718750000000 0.84594726562500000000
0.05541992187500000000 0.80419921875000000000
0.60437011718750000000 -0.20849609375000000000
0.14501953125000000000 -0.83190917968750000000
0.46630859375000000000 0.65917968750000000000
0.03796386718750000000 0.07788085937500000000
0.54174804687500000000 0.08410644531250000000
0.13769531250000000000 0.65039062500000000000
-0.06860351562500000000 -0.93603515625000000000
-0.31457519531250000000 0.75598144531250000000
-0.86352539062500000000 -0.93078613281250000000
-0.24414062500000000000 0.38635253906250000000
-0.84069824218750000000 0.17492675781250000000
0.96557617187500000000 0.28344726562500000000
-0.63671875000000000000 -0.25183105468750000000
0.62365722656250000000 -0.44909667968750000000
0.74987792968750000000 0.01879882812500000000
0.37683105468750000000 0.77160644531250000000
0.13903808593750000000 0.13061523437500000000
-0.67810058593750000000 0.32629394531250000000
-0.06628417968750000000 -0.11718750000000000000
-0.30969238281250000000 0.94433593750000000000
-0.54992675781250000000 0.48498535156250000000
0.18505859375000000000 -0.29016113281250000000
-0.37548828125000000000 0.30700683593750000000
0.83264160156250000000 0.08520507812500000000
0.81921386718750000000 0.76806640625000000000
-0.48571777343750000000 -0.44995117187500000000
-0.77819824218750000000 -0.78381347656250000000
-0.61401367187500000000 -0.61743164062500000000
-0.00085449218750000000 -0.22595214843750000000
0.45715332031250000000 0.70812988281250000000
-0.58361816406250000000 -0.45825195312500000000
-0.50390625000000000000 0.25268554687500000000
0.70336914062500000000 0.24707031250000000000
-0.16833496093750000000 -0.18395996093750000000
0.23339843750000000000 -0.89929199218750000000
-0.53271484375000000000 0.48962402343750000000
-0.79602050781250000000 -0.40856933593750000000
0.03173828125000000000 -0.20312500000000000000
-0.04577636718750000000 -0.24548339843750000000
-0.69470214843750000000 0.32714843750000000000
0.24365234375000000000 -0.82739257812500000000
0.08801269531250000000 0.09973144531250000000
0.30822753906250000000 -0.96911621093750000000
-0.71093750000000000000 0.96606445312500000000
0.50305175781250000000 0.19689941406250000000
-0.55590820312500000000 -0.23181152343750000000
0.03869628906250000000 -0.70654296875000000000
0.57055664062500000000 0.39379882812500000000
-0.95532226562500000000 0.81164550781250000000
-0.35131835937500000000 -0.36376953125000000000
0.74584960937500000000 0.53295898437500000000
0.68945312500000000000 -0.42504882812500000000
0.07690429687500000000 0.91442871093750000000
0.73327636718750000000 0.40466308593750000000
0.89965820312500000000 0.25000000000000000000
0.65283203125000000000 0.86145019531250000000
0.70825195312500000000 -0.46191406250000000000
-0.80249023437500000000 0.84729003906250000000
0.30261230468750000000 0.35620117187500000000
0.40698242187500000000 0.54272460937500000000
0.22045898437500000000 0.14331054687500000000
0.59924316406250000000 0.66784667968750000000
-0.93090820312500000000 0.39660644531250000000
0.54052734375000000000 -0.70678710937500000000
0.46350097656250000000 0.22497558593750000000
-0.48059082031250000000 -0.44140625000000000000
-0.48583984375000000000 0.83178710937500000000
0.26464843750000000000 -0.60351562500000000000
-0.30944824218750000000 -0.42858886718750000000
0.59313964843750000000 -0.90466308593750000000
-0.10766601562500000000 -0.10485839843750000000
0.56555175781250000000 0.11523437500000000000
0.98095703125000000000 0.14709472656250000000
-0.39953613281250000000 0.81079101562500000000
-0.71398925781250000000 -0.30517578125000000000
0.80261230468750000000 -0.10498046875000000000
0.08312988281250000000 0.70251464843750000000
0.94946289062500000000 0.15368652343750000000
0.27319335937500000000 0.30798339843750000000
0.98779296875000000000 -0.44323730468750000000
0.09216308593750000000 -0.02502441406250000000
0.05285644531250000000 0.24194335937500000000
-0.72912597656250000000 -0.73315429687500000000
-0.28857421875000000000 -0.93420410156250000000
-0.94750976562500000000 -0.77319335937500000000
-0.67919921875000000000 -0.04504394531250000000
0.49133300781250000000 -0.95190429687500000000
-0.93920898437500000000 0.25244140625000000000
-0.26696777343750000000 -0.80480957031250000000
0.72473144531250000000 -0.49804687500000000000
0.38537597656250000000 -0.14697265625000000000
0.38183593750000000000 -0.76831054687500000000
-0.62268066406250000000 -0.45886230468750000000
-0.11621093750000000000 -0.95788574218750000000
0.16320800781250000000 0.97009277343750000000
0.97949218750000000000 0.22314453125000000000
-0.59216308593750000000 -0.24328613281250000000
-0.50451660156250000000 -0.94689941406250000000
-0.47570800781250000000 -0.22033691406250000000
0.50036621093750000000 -0.09484863281250000000
-0.08605957031250000000 0.86206054687500000000
-0.88610839843750000000 -0.44299316406250000000
0.01708984375000000000 0.22961425781250000000
-0.57604980468750000000 0.33032226562500000000
0.59716796875000000000 -0.62805175781250000000
-0.40539550781250000000 0.01147460937500000000
-0.94482421875000000000 0.57299804687500000000
0.18688964843750000000 -0.80688476562500000000
0.68762207031250000000 0.21203613281250000000
-0.23791503906250000000 -0.94787597656250000000
0.49975585937500000000 -0.98596191406250000000
0.02233886718750000000 -0.88098144531250000000
0.08190917968750000000 -0.03723144531250000000
0.91882324218750000000 0.85144042968750000000
0.60791015625000000000 -0.18884277343750000000
-0.93530273437500000000 -0.84997558593750000000
0.41882324218750000000 0.72265625000000000000
-0.06994628906250000000 0.03857421875000000000
0.89514160156250000000 -0.36218261718750000000
-0.55712890625000000000 0.92602539062500000000
-0.46582031250000000000 0.87646484375000000000
-0.83703613281250000000 -0.47998046875000000000
-0.14282226562500000000 -0.59716796875000000000
-0.78198242187500000000 0.17785644531250000000
0.26757812500000000000 0.68505859375000000000
0.60595703125000000000 -0.32653808593750000000
0.39355468750000000000 0.17285156250000000000
0.53247070312500000000 -0.67553710937500000000
-0.31506347656250000000 -0.61083984375000000000
0.69165039062500000000 0.52270507812500000000
-0.14245605468750000000 -0.69982910156250000000
0.64807128906250000000 -0.46813964843750000000
0.25305175781250000000 0.37902832031250000000
-0.71313476562500000000 -0.96984863281250000000
-0.84326171875000000000 -0.93566894531250000000
-0.96337890625000000000 -0.42492675781250000000
-0.86657714843750000000 -0.32678222656250000000
-0.08288574218750000000 -0.27551269531250000000
-0.77331542968750000000 0.61437988281250000000
-0.94445800781250000000 -0.92797851562500000000
0.50976562500000000000 -0.28320312500000000000
-0.21032714843750000000 0.27661132812500000000
0.49389648437500000000 -0.71398925781250000000
-0.09521484375000000000 0.71545410156250000000
-0.09985351562500000000 0.29113769531250000000
-0.04382324218750000000 -0.76940917968750000000
-0.05200195312500000000 -0.58386230468750000000
0.60632324218750000000 0.49096679687500000000
-0.19519042968750000000 -0.19323730468750000000
0.80932617187500000000 -0.03100585937500000000
-0.92590332031250000000 0.77490234375000000000
0.54772949218750000000 -0.72509765625000000000
-0.74865722656250000000 0.92871093750000000000
0.23706054687500000000 -0.91479492187500000000
-0.97924804687500000000 -0.80114746093750000000
0.07727050781250000000 -0.55346679687500000000
-0.99401855468750000000 0.61315917968750000000
0.90234375000000000000 -0.08825683593750000000
0.81079101562500000000 0.30651855468750000000
0.59191894531250000000 -0.65136718750000000000
0.83056640625000000000 -0.66650390625000000000
-0.70886230468750000000 0.04174804687500000000
-0.68457031250000000000 0.48059082031250000000
-0.62475585937500000000 -0.07507324218750000000
0.24499511718750000000 0.73925781250000000000
0.81164550781250000000 0.32080078125000000000
0.97985839843750000000 -0.50183105468750000000
0.42224121093750000000 -0.53015136718750000000
0.46362304687500000000 -0.25195312500000000000
0.81860351562500000000 0.51318359375000000000
-0.19824218750000000000 0.87585449218750000000
-0.50024414062500000000 0.72375488281250000000
-0.65319824218750000000 -0.47680664062500000000
-0.76110839843750000000 -0.17541503906250000000
0.62524414062500000000 0.22314453125000000000
-0.70642089843750000000 0.09362792968750000000
-0.47143554687500000000 -0.22143554687500000000
0.63818359375000000000 -0.79711914062500000000
-0.37878417968750000000 0.42443847656250000000
0.96484375000000000000 -0.82373046875000000000
-0.46667480468750000000 0.73217773437500000000
0.06726074218750000000 0.72692871093750000000
-0.37109375000000000000 0.41687011718750000000
0.82153320312500000000 -0.02709960937500000000
-0.26684570312500000000 0.39831542968750000000
-0.13281250000000000000 -0.21008300781250000000
0.02453613281250000000 0.59497070312500000000
0.87780761718750000000 0.57287597656250000000
-0.93811035156250000000 -0.68896484375000000000
0.43371582031250000000 -0.36437988281250000000
0.78198242187500000000 -0.31201171875000000000
-0.94543457031250000000 -0.27160644531250000000
0.04406738281250000000 0.13330078125000000000
-0.34802246093750000000 -0.91662597656250000000
0.71899414062500000000 0.31994628906250000000
0.11706542968750000000 -0.59667968750000000000
0.38049316406250000000 -0.16711425781250000000
-0.09423828125000000000 -0.09826660156250000000
0.25659179687500000000 -0.30249023437500000000
-0.41979980468750000000 -0.23339843750000000000
-0.98132324218750000000 -0.63940429687500000000
0.15356445312500000000 -0.86376953125000000000
-0.37707519531250000000 0.10253906250000000000
0.03454589843750000000 0.19177246093750000000
0.83276367187500000000 -0.70898437500000000000
-0.14709472656250000000 -0.53808593750000000000
-0.50524902343750000000 -0.42724609375000000000
-0.25744628906250000000 0.66149902343750000000
0.86376953125000000000 -0.69311523437500000000
0.87377929687500000000 0.10424804687500000000
0.68872070312500000000 0.13623046875000000000
0.84045410156250000000 -0.31311035156250000000
-0.54418945312500000000 -0.29870605468750000000
-0.82507324218750000000 0.91821289062500000000
-0.54541015625000000000 0.10668945312500000000
-0.37121582031250000000 0.30541992187500000000
-0.65051269531250000000 -0.01855468750000000000
0.21423339843750000000 0.29333496093750000000
-0.17285156250000000000 0.21044921875000000000
0.63269042968750000000 -0.70959472656250000000
-0.62976074218750000000 -0.33068847656250000000
0.40380859375000000000 -0.07910156250000000000
-0.51928710937500000000 -0.74438476562500000000
0.14843750000000000000 -0.27380371093750000000
-0.30200195312500000000 -0.54370117187500000000
-0.88610839843750000000 0.69494628906250000000
-0.54235839843750000000 -0.31701660156250000000
0.32824707031250000000 -0.54638671875000000000
-0.00549316406250000000 -0.18359375000000000000
0.03808593750000000000 0.36608886718750000000
-0.65051269531250000000 -0.86877441406250000000
0.14147949218750000000 -0.63854980468750000000
0.99353027343750000000 0.38867187500000000000
0.63366699218750000000 0.50451660156250000000
0.18872070312500000000 0.23547363281250000000
0.95202636718750000000 0.75842285156250000000
0.80310058593750000000 -0.66235351562500000000
0.19116210937500000000 0.40710449218750000000
-0.93518066406250000000 0.83447265625000000000
-0.81286621093750000000 -0.69848632812500000000
-0.86926269531250000000 -0.51245117187500000000
-0.09655761718750000000 0.09338378906250000000
-0.24914550781250000000 -0.31176757812500000000
0.95068359375000000000 0.38122558593750000000
-0.66406250000000000000 -0.88488769531250000000
0.94555664062500000000 -0.67846679687500000000
0.53491210937500000000 0.43249511718750000000
0.64843750000000000000 0.94128417968750000000
0.26525878906250000000 0.85913085937500000000
0.33752441406250000000 0.80212402343750000000
-0.04626464843750000000 -0.74450683593750000000
-0.97375488281250000000 -0.70812988281250000000
-0.29394531250000000000 -0.85546875000000000000
-0.01586914062500000000 0.08508300781250000000
0.46020507812500000000 0.76501464843750000000
-0.06274414062500000000 0.06359863281250000000
-0.08520507812500000000 0.56347656250000000000
-0.72473144531250000000 -0.62304687500000000000
-0.97827148437500000000 0.72619628906250000000
0.51660156250000000000 -0.62512207031250000000
-0.36010742187500000000 -0.89050292968750000000
0.96875000000000000000 -0.15698242187500000000
-0.55957031250000000000 0.11022949218750000000
-0.32263183593750000000 0.94152832031250000000
0.04785156250000000000 -0.81652832031250000000
0.50976562500000000000 -0.45214843750000000000
-0.07226562500000000000 -0.78979492187500000000
-0.75036621093750000000 -0.21911621093750000000
-0.37500000000000000000 -0.42199707031250000000
0.00903320312500000000 0.02661132812500000000
0.34765625000000000000 -0.30346679687500000000
0.54028320312500000000 0.85644531250000000000
-0.73937988281250000000 0.57995605468750000000
-0.95422363281250000000 0.72204589843750000000
0.03820800781250000000 -0.74096679687500000000
0.61999511718750000000 0.15014648437500000000
-0.97473144531250000000 -0.57043457031250000000
0.34497070312500000000 0.73645019531250000000
0.37365722656250000000 -0.96997070312500000000
-0.10156250000000000000 -0.78845214843750000000
0.82958984375000000000 -0.24792480468750000000
0.28869628906250000000 -0.19580078125000000000
-0.98950195312500000000 -0.44555664062500000000
-0.03112792968750000000 -0.80786132812500000000
0.71862792968750000000 -0.76257324218750000000
0.66076660156250000000 -0.36413574218750000000
0.29833984375000000000 0.90161132812500000000
0.34741210937500000000 -0.58520507812500000000
0.15698242187500000000 0.49450683593750000000
-0.45178222656250000000 -0.48364257812500000000
0.12109375000000000000 -0.92553710937500000000
0.34350585937500000000 -0.96789550781250000000
-0.29516601562500000000 -0.69458007812500000000
0.71166992187500000000 -0.07580566406250000000
-0.60998535156250000000 0.51184082031250000000
0.49462890625000000000 0.45764160156250000000
-0.42077636718750000000 -0.29516601562500000000
0.54760742187500000000 -0.04174804687500000000
-0.14453125000000000000 0.62817382812500000000
0.61535644531250000000 0.67675781250000000000
-0.29296875000000000000 -0.36010742187500000000
-0.57263183593750000000 -0.99145507812500000000
0.53454589843750000000 -0.90612792968750000000
-0.38269042968750000000 0.47558593750000000000
0.46643066406250000000 -0.45471191406250000000
0.48889160156250000000 -0.03698730468750000000
-0.55725097656250000000 -0.61596679687500000000
-0.57177734375000000000 0.69421386718750000000
-0.60205078125000000000 0.00671386718750000000
-0.71496582031250000000 0.05432128906250000000
-0.24584960937500000000 -0.42382812500000000000
-0.94677734375000000000 0.02404785156250000000
-0.77819824218750000000 -0.99609375000000000000
0.34912109375000000000 -0.44543457031250000000
0.59960937500000000000 -0.30249023437500000000
-0.83898925781250000000 -0.43212890625000000000
-0.53662109375000000000 -0.82812500000000000000
-0.58471679687500000000 0.04357910156250000000
0.83471679687500000000 0.57690429687500000000
0.42260742187500000000 0.88525390625000000000
0.10778808593750000000 -0.00537109375000000000
-0.39099121093750000000 0.18750000000000000000
0.66967773437500000000 -0.41833496093750000000
-0.12939453125000000000 -0.70166015625000000000
0.84692382812500000000 -0.73620605468750000000
0.41210937500000000000 0.46472167968750000000
-0.04394531250000000000 0.46899414062500000000
-0.74755859375000000000 -0.64135742187500000000
0.95202636718750000000 -0.17285156250000000000
-0.68029785156250000000 0.18823242187500000000
-0.59484863281250000000 -0.74938964843750000000
-0.13769531250000000000 0.57067871093750000000
-0.19165039062500000000 0.23999023437500000000
-0.70654296875000000000 0.23046875000000000000
0.45861816406250000000 0.40246582031250000000
-0.62255859375000000000 0.97436523437500000000
0.28784179687500000000 0.12475585937500000000
0.50866699218750000000 0.72888183593750000000
-0.57849121093750000000 -0.16259765625000000000
0.20190429687500000000 0.30895996093750000000
0.49780273437500000000 0.85046386718750000000
0.27648925781250000000 0.32824707031250000000
0.19421386718750000000 -0.39379882812500000000
-0.40905761718750000000 0.23986816406250000000
0.46325683593750000000 -0.29736328125000000000
0.89062500000000000000 -0.35522460937500000000
-0.14892578125000000000 0.22045898437500000000
0.56433105468750000000 -0.67932128906250000000
-0.88769531250000000000 -0.02648925781250000000
0.67053222656250000000 0.89123535156250000000
-0.61547851562500000000 -0.23217773437500000000
-0.20983886718750000000 -0.62207031250000000000
-0.39978027343750000000 -0.06237792968750000000
-0.83984375000000000000 0.68176269531250000000
0.80920410156250000000 0.68530273437500000000
-0.25964355468750000000 0.65563964843750000000
0.06140136718750000000 -0.97705078125000000000
-0.01171875000000000000 -0.46594238281250000000
-0.73571777343750000000 0.99975585937500000000
-0.58703613281250000000 -0.76062011718750000000
-0.84765625000000000000 -0.01977539062500000000
0.01586914062500000000 0.58007812500000000000
-0.47692871093750000000 -0.75561523437500000000
-0.28588867187500000000 0.32482910156250000000
-0.78381347656250000000 -0.02380371093750000000
0.57507324218750000000 -0.61145019531250000000
-0.78686523437500000000 0.75720214843750000000
0.97143554687500000000 -0.63708496093750000000
-0.64562988281250000000 0.27807617187500000000
0.14477539062500000000 0.48168945312500000000
-0.91027832031250000000 0.12536621093750000000
0.57421875000000000000 0.25769042968750000000
-0.62072753906250000000 -0.76208496093750000000
0.05578613281250000000 -0.38391113281250000000
0.48010253906250000000 0.17395019531250000000
-0.70019531250000000000 -0.20910644531250000000
0.10217285156250000000 0.32788085937500000000
-0.56677246093750000000 0.70385742187500000000
0.51843261718750000000 -0.61950683593750000000
0.44580078125000000000 0.80651855468750000000
-0.64685058593750000000 -0.23364257812500000000
0.72387695312500000000 0.88623046875000000000
-0.96044921875000000000 0.23474121093750000000
0.72045898437500000000 0.58020019531250000000
0.11779785156250000000 0.02954101562500000000
-0.19360351562500000000 0.06225585937500000000
0.51745605468750000000 -0.34484863281250000000
0.43383789062500000000 -0.74121093750000000000
0.97460937500000000000 -0.23229980468750000000
-0.44384765625000000000 -0.57006835937500000000
-0.99243164062500000000 -0.93432617187500000000
0.86779785156250000000 -0.45019531250000000000
0.71582031250000000000 -0.63879394531250000000
0.45764160156250000000 0.75109863281250000000
0.03332519531250000000 -0.83752441406250000000
0.41394042968750000000 -0.63220214843750000000
0.56103515625000000000 0.40808105468750000000
-0.25024414062500000000 0.83850097656250000000
0.54064941406250000000 -0.49707031250000000000
0.50122070312500000000 -0.95739746093750000000
0.22644042968750000000 0.92102050781250000000
-0.19628906250000000000 0.36450195312500000000
0.39465332031250000000 -0.37866210937500000000
-0.99377441406250000000 -0.05529785156250000000
0.54980468750000000000 0.19848632812500000000
0.79284667968750000000 -0.25231933593750000000
-0.52136230468750000000 0.74902343750000000000
-0.75842285156250000000 0.45239257812500000000
-0.55944824218750000000 0.90869140625000000000
-0.39575195312500000000 -0.29785156250000000000
0.76611328125000000000 0.87438964843750000000
0.08630371093750000000 -0.04174804687500000000
-0.42663574218750000000 0.28466796875000000000
-0.72326660156250000000 0.47326660156250000000
-0.41967773437500000000 0.61865234375000000000
0.22778320312500000000 -0.20751953125000000000
-0.35168457031250000000 -0.10412597656250000000
-0.08532714843750000000 0.63452148437500000000
-0.11181640625000000000 0.43505859375000000000
0.65625000000000000000 0.88171386718750000000
-0.14733886718750000000 0.95922851562500000000
-0.30859375000000000000 -0.64221191406250000000
0.34997558593750000000 -0.54418945312500000000
-0.55700683593750000000 0.43200683593750000000
-0.06555175781250000000 0.49475097656250000000
-0.37048339843750000000 0.20629882812500000000
0.25366210937500000000 0.75463867187500000000
0.75476074218750000000 -0.49597167968750000000
-0.10461425781250000000 -0.32104492187500000000
0.56896972656250000000 -0.01074218750000000000
-0.08605957031250000000 -0.36999511718750000000
0.31250000000000000000 0.09082031250000000000
-0.73632812500000000000 0.36499023437500000000
-0.13403320312500000000 -0.55932617187500000000
0.81860351562500000000 -0.02929687500000000000
0.21093750000000000000 0.98596191406250000000
0.53356933593750000000 -0.35168457031250000000
0.00939941406250000000 -0.92932128906250000000
-0.00390625000000000000 0.63464355468750000000
0.68579101562500000000 0.00659179687500000000
-0.86437988281250000000 -0.89440917968750000000
0.14648437500000000000 0.78063964843750000000
0.88549804687500000000 -0.19091796875000000000
0.03576660156250000000 0.85852050781250000000
-0.61108398437500000000 -0.19580078125000000000
0.69592285156250000000 -0.84631347656250000000
-0.49670410156250000000 -0.50939941406250000000
0.40148925781250000000 -0.29943847656250000000
0.08056640625000000000 0.50146484375000000000
0.89770507812500000000 -0.63049316406250000000
0.24865722656250000000 -0.13806152343750000000
0.67590332031250000000 0.74645996093750000000
-0.98413085937500000000 0.06750488281250000000
0.97863769531250000000 -0.79370117187500000000
-0.84460449218750000000 -0.95092773437500000000
-0.35571289062500000000 0.41162109375000000000
0.89233398437500000000 0.95825195312500000000
-0.98217773437500000000 0.57031250000000000000
0.64550781250000000000 0.52941894531250000000
0.72241210937500000000 0.35095214843750000000
-0.12036132812500000000 0.59106445312500000000
-0.48852539062500000000 -0.91992187500000000000
0.60534667968750000000 -0.47058105468750000000
-0.04431152343750000000 0.39074707031250000000
-0.73132324218750000000 0.73400878906250000000
0.85571289062500000000 0.34924316406250000000
0.79199218750000000000 -0.64746093750000000000
-0.01696777343750000000 0.87255859375000000000
0.71337890625000000000 0.80676269531250000000
-0.16284179687500000000 -0.82666015625000000000
0.36694335937500000000 -0.61401367187500000000
-0.20397949218750000000 -0.44958496093750000000
0.01147460937500000000 0.47680664062500000000
-0.62084960937500000000 0.71875000000000000000
0.92993164062500000000 0.15661621093750000000
-0.41162109375000000000 -0.60070800781250000000
-0.79309082031250000000 -0.16979980468750000000
-0.71142578125000000000 -0.72424316406250000000
-0.97180175781250000000 0.83483886718750000000
0.43188476562500000000 0.52905273437500000000
0.12902832031250000000 0.02038574218750000000
0.58911132812500000000 -0.09289550781250000000
0.01416015625000000000 -0.80432128906250000000
0.58361816406250000000 -0.36267089843750000000
0.39147949218750000000 -0.75878906250000000000
0.55566406250000000000 0.56469726562500000000
-0.18701171875000000000 0.08972167968750000000
0.29553222656250000000 -0.54541015625000000000
-0.64038085937500000000 -0.55163574218750000000
-0.35632324218750000000 -0.47924804687500000000
-0.65478515625000000000 -0.38220214843750000000
-0.18273925781250000000 -0.22460937500000000000
-0.51721191406250000000 -0.40490722656250000000
-0.18615722656250000000 0.35913085937500000000
0.95043945312500000000 -0.92980957031250000000
-0.35937500000000000000 -0.34375000000000000000
0.96496582031250000000 0.49060058593750000000
0.27258300781250000000 0.88562011718750000000
-0.24987792968750000000 0.60546875000000000000
0.71496582031250000000 -0.51831054687500000000
0.23913574218750000000 -0.53417968750000000000
-0.49597167968750000000 -0.61938476562500000000
0.58569335937500000000 0.76501464843750000000
-0.13415527343750000000 -0.52429199218750000000
-0.28503417968750000000 0.51635742187500000000
-0.33947753906250000000 -0.47790527343750000000
0.39477539062500000000 -0.93383789062500000000
-0.46264648437500000000 0.46691894531250000000
0.61657714843750000000 0.45239257812500000000
-0.40942382812500000000 -0.82202148437500000000
0.08825683593750000000 -0.34655761718750000000
-0.02416992187500000000 0.89672851562500000000
0.71069335937500000000 -0.67407226562500000000
0.77673339843750000000 -0.82666015625000000000
-0.63122558593750000000 0.18920898437500000000
0.17065429687500000000 0.86193847656250000000
0.79638671875000000000 -0.73242187500000000000
-0.10778808593750000000 0.02600097656250000000
0.84375000000000000000 0.36804199218750000000
-0.44201660156250000000 -0.65637207031250000000
0.21765136718750000000 -0.97753906250000000000
0.36486816406250000000 0.77539062500000000000
-0.54357910156250000000 -0.92956542968750000000
-0.97241210937500000000 -0.48510742187500000000
-0.16650390625000000000 0.30334472656250000000
0.87695312500000000000 -0.42846679687500000000
-0.31396484375000000000 -0.98059082031250000000
0.55944824218750000000 0.15087890625000000000
-0.65051269531250000000 -0.38439941406250000000
-0.31604003906250000000 -0.69702148437500000000
-0.71081542968750000000 0.94262695312500000000
0.43359375000000000000 -0.67004394531250000000
0.39855957031250000000 0.45446777343750000000
0.37695312500000000000 0.78149414062500000000
-0.49316406250000000000 0.71740722656250000000
0.38476562500000000000 -0.63146972656250000000
-0.54541015625000000000 -0.52636718750000000000
-0.15075683593750000000 -0.96325683593750000000
-0.25610351562500000000 0.86279296875000000000
-0.28942871093750000000 0.77429199218750000000
-0.88464355468750000000 0.19091796875000000000
0.26330566406250000000 -0.78125000000000000000
0.41467285156250000000 -0.65295410156250000000
0.22717285156250000000 0.15393066406250000000
0.29663085937500000000 -0.49670410156250000000
-0.66015625000000000000 -0.39965820312500000000
-0.70104980468750000000 -0.65808105468750000000
0.02832031250000000000 -0.62084960937500000000
0.75061035156250000000 -0.07312011718750000000
-0.63208007812500000000 0.01977539062500000000
-0.07434082031250000000 0.02319335937500000000
-0.14208984375000000000 0.99426269531250000000
-0.00537109375000000000 -0.74084472656250000000
-0.67700195312500000000 0.51232910156250000000
-0.31506347656250000000 0.58752441406250000000
-0.47619628906250000000 0.16979980468750000000
0.68908691406250000000 -0.07446289062500000000
0.60070800781250000000 0.78686523437500000000
-0.14672851562500000000 0.65637207031250000000
0.21398925781250000000 -0.89941406250000000000
-0.70910644531250000000 0.92602539062500000000
0.01928710937500000000 -0.98535156250000000000
-0.40612792968750000000 0.14624023437500000000
0.71936035156250000000 0.14489746093750000000
0.34313964843750000000 0.66870117187500000000
0.26696777343750000000 -0.23059082031250000000
-0.75048828125000000000 -0.81787109375000000000
-0.05883789062500000000 0.16333007812500000000
0.97314453125000000000 -0.95031738281250000000
0.89660644531250000000 -0.27636718750000000000
0.29016113281250000000 0.97058105468750000000
-0.69653320312500000000 0.73754882812500000000
0.27819824218750000000 -0.69494628906250000000
0.13134765625000000000 0.59765625000000000000
-0.06262207031250000000 0.62194824218750000000
-0.14392089843750000000 0.85644531250000000000
0.19848632812500000000 -0.55126953125000000000
0.69995117187500000000 -0.00207519531250000000
0.50219726562500000000 0.65490722656250000000
0.15869140625000000000 0.33471679687500000000
0.84936523437500000000 0.18786621093750000000
-0.87048339843750000000 0.30395507812500000000
0.98266601562500000000 -0.52294921875000000000
-0.89404296875000000000 -0.94897460937500000000
-0.60095214843750000000 0.47253417968750000000
-0.15454101562500000000 -0.34643554687500000000
-0.78503417968750000000 -0.24645996093750000000
0.24731445312500000000 0.22521972656250000000
-0.90405273437500000000 0.31433105468750000000
-0.43078613281250000000 -0.59423828125000000000
-0.87792968750000000000 0.65209960937500000000
0.40698242187500000000 -0.23962402343750000000
0.33691406250000000000 0.26354980468750000000
-0.24279785156250000000 0.93286132812500000000
-0.62365722656250000000 0.12951660156250000000
0.49401855468750000000 -0.28222656250000000000
-0.31921386718750000000 0.23791503906250000000
0.59057617187500000000 0.00354003906250000000
-0.02416992187500000000 -0.09521484375000000000
0.05139160156250000000 0.46459960937500000000
-0.94299316406250000000 0.84899902343750000000
0.28845214843750000000 -0.04150390625000000000
-0.29870605468750000000 -0.82348632812500000000
-0.54162597656250000000 0.13928222656250000000
-0.13220214843750000000 -0.51013183593750000000
-0.23510742187500000000 -0.92089843750000000000
-0.06042480468750000000 0.57629394531250000000
0.95898437500000000000 -0.45446777343750000000
-0.27124023437500000000 0.55419921875000000000
0.54882812500000000000 -0.02355957031250000000
0.10559082031250000000 -0.36413574218750000000
0.77832031250000000000 -0.37194824218750000000
-0.29003906250000000000 -0.91589355468750000000
-0.50891113281250000000 0.06884765625000000000
0.82202148437500000000 0.64709472656250000000
-0.91296386718750000000 -0.83215332031250000000
0.90148925781250000000 -0.78283691406250000000
0.11279296875000000000 0.05847167968750000000
-0.24731445312500000000 0.32031250000000000000
0.99011230468750000000 0.38952636718750000000
-0.88330078125000000000 -0.37353515625000000000
0.03344726562500000000 -0.92443847656250000000
-0.93786621093750000000 -0.17089843750000000000
0.14233398437500000000 -0.54785156250000000000
-0.63903808593750000000 -0.99780273437500000000
0.26196289062500000000 0.37145996093750000000
0.96179199218750000000 0.90417480468750000000
0.74975585937500000000 -0.21765136718750000000
-0.09631347656250000000 -0.39941406250000000000
0.41687011718750000000 0.10754394531250000000
0.55493164062500000000 0.70397949218750000000
-0.01025390625000000000 0.58996582031250000000
0.05700683593750000000 0.36950683593750000000
-0.69848632812500000000 -0.13574218750000000000
-0.26123046875000000000 0.38085937500000000000
-0.71557617187500000000 -0.56799316406250000000
0.45373535156250000000 -0.43212890625000000000
-0.04602050781250000000 0.55566406250000000000
-0.10229492187500000000 0.85998535156250000000
0.77197265625000000000 -0.61987304687500000000
0.05529785156250000000 -0.40783691406250000000
-0.18176269531250000000 -0.98754882812500000000
-0.46215820312500000000 -0.13684082031250000000
-0.85595703125000000000 -0.57946777343750000000
-0.16369628906250000000 0.28283691406250000000
-0.94848632812500000000 0.41918945312500000000
-0.41772460937500000000 -0.76245117187500000000
0.00695800781250000000 -0.83569335937500000000
0.93188476562500000000 0.81262207031250000000
-0.78125000000000000000 -0.22155761718750000000
0.34606933593750000000 0.06677246093750000000
-0.00012207031250000000 0.92651367187500000000
0.55419921875000000000 0.51806640625000000000
-0.71276855468750000000 -0.34887695312500000000
-0.83361816406250000000 -0.82824707031250000000
-0.20153808593750000000 0.07202148437500000000
0.59387207031250000000 -0.32775878906250000000
-0.61669921875000000000 -0.95666503906250000000
0.53552246093750000000 0.54235839843750000000
-0.41943359375000000000 -0.23022460937500000000
-0.56616210937500000000 0.14270019531250000000
-0.96655273437500000000 0.51147460937500000000
-0.20263671875000000000 0.88171386718750000000
-0.23779296875000000000 0.22460937500000000000
0.31872558593750000000 -0.36926269531250000000
-0.85815429687500000000 -0.77990722656250000000
-0.69482421875000000000 -0.85217285156250000000
-0.96679687500000000000 -0.36059570312500000000
-0.77246093750000000000 0.32165527343750000000
0.30358886718750000000 0.39025878906250000000
-0.19470214843750000000 -0.58459472656250000000
-0.35791015625000000000 -0.83435058593750000000
0.11584472656250000000 -0.38903808593750000000
0.98693847656250000000 0.09509277343750000000
0.66894531250000000000 0.50939941406250000000
0.39929199218750000000 0.05932617187500000000
0.83654785156250000000 -0.42602539062500000000
-0.92053222656250000000 0.24841308593750000000
-0.85937500000000000000 -0.47033691406250000000
-0.05200195312500000000 0.30541992187500000000
-0.30163574218750000000 0.68383789062500000000
0.87451171875000000000 0.27795410156250000000
-0.02087402343750000000 0.13122558593750000000
0.07934570312500000000 -0.38574218750000000000
0.79052734375000000000 0.75354003906250000000
-0.10668945312500000000 0.97766113281250000000
0.75402832031250000000 0.55493164062500000000
-0.49279785156250000000 0.14733886718750000000
-0.45239257812500000000 -0.71740722656250000000
-0.34326171875000000000 -0.37011718750000000000
0.09509277343750000000 -0.26623535156250000000
-0.55969238281250000000 -0.41625976562500000000
0.34289550781250000000 -0.10815429687500000000
-0.71435546875000000000 0.22131347656250000000
-0.81176757812500000000 -0.57421875000000000000
0.74035644531250000000 -0.50048828125000000000
-0.52624511718750000000 -0.77575683593750000000
-0.22802734375000000000 -0.38476562500000000000
0.14306640625000000000 -0.00512695312500000000
0.05163574218750000000 -0.02038574218750000000
-0.84790039062500000000 0.99121093750000000000
0.74829101562500000000 0.96215820312500000000
0.90222167968750000000 -0.12683105468750000000
0.62500000000000000000 0.94409179687500000000
-0.43237304687500000000 -0.57116699218750000000
0.05566406250000000000 0.08227539062500000000
-0.32116699218750000000 -0.09313964843750000000
0.10937500000000000000 0.93518066406250000000
0.94885253906250000000 0.67236328125000000000
-0.37658691406250000000 -0.57165527343750000000
0.33764648437500000000 -0.12097167968750000000
-0.34802246093750000000 -0.66308593750000000000
0.54895019531250000000 0.05822753906250000000
-0.34838867187500000000 0.58691406250000000000
0.77966308593750000000 -0.92822265625000000000
0.50341796875000000000 -0.61730957031250000000
0.52526855468750000000 0.95495605468750000000
-0.06103515625000000000 0.92163085937500000000
-0.57849121093750000000 0.11315917968750000000
-0.91699218750000000000 0.29223632812500000000
-0.35632324218750000000 -0.45581054687500000000
-0.92578125000000000000 0.90417480468750000000
0.38769531250000000000 0.33959960937500000000
0.34069824218750000000 0.33361816406250000000
-0.13903808593750000000 -0.97778320312500000000
0.53552246093750000000 0.70593261718750000000
0.07202148437500000000 0.55664062500000000000
-0.92028808593750000000 0.36987304687500000000
-0.73046875000000000000 0.48156738281250000000
-0.61315917968750000000 -0.68688964843750000000
-0.32861328125000000000 0.43750000000000000000
-0.89538574218750000000 -0.80639648437500000000
0.21020507812500000000 0.41394042968750000000
0.02416992187500000000 -0.99475097656250000000
0.23486328125000000000 0.55236816406250000000
-0.13525390625000000000 -0.01684570312500000000
0.69543457031250000000 -0.59118652343750000000
-0.09191894531250000000 0.45849609375000000000
-0.96923828125000000000 -0.36865234375000000000
0.74609375000000000000 0.76757812500000000000
0.31237792968750000000 -0.63952636718750000000
0.64599609375000000000 0.87707519531250000000
0.90356445312500000000 0.94152832031250000000
-0.89819335937500000000 -0.39099121093750000000
-0.52990722656250000000 0.72497558593750000000
-0.87329101562500000000 0.68432617187500000000
-0.15673828125000000000 -0.15075683593750000000
0.72766113281250000000 -0.27258300781250000000
-0.83679199218750000000 -0.43518066406250000000
-0.05383300781250000000 0.98645019531250000000
-0.74890136718750000000 -0.48852539062500000000
0.54577636718750000000 0.84130859375000000000
0.68286132812500000000 -0.14331054687500000000
-0.91345214843750000000 0.87084960937500000000
-0.02709960937500000000 0.67773437500000000000
-0.52111816406250000000 -0.68847656250000000000
0.90490722656250000000 0.14855957031250000000
0.88781738281250000000 0.34704589843750000000
0.22790527343750000000 -0.18835449218750000000
0.94702148437500000000 -0.99023437500000000000
-0.31030273437500000000 -0.34936523437500000000
0.79565429687500000000 0.67785644531250000000
-0.13085937500000000000 -0.87438964843750000000
-0.52832031250000000000 -0.78918457031250000000
0.88171386718750000000 0.40356445312500000000
0.36840820312500000000 0.02832031250000000000
-0.87011718750000000000 -0.00366210937500000000
0.74084472656250000000 -0.25280761718750000000
0.40270996093750000000 0.20703125000000000000
0.20983886718750000000 0.70288085937500000000
0.46472167968750000000 -0.44616699218750000000
-0.49316406250000000000 0.68957519531250000000
0.20092773437500000000 -0.16674804687500000000
0.62927246093750000000 0.00195312500000000000
-0.89172363281250000000 0.45922851562500000000
-0.73901367187500000000 -0.48254394531250000000
0.68493652343750000000 0.84326171875000000000
0.23669433593750000000 0.40417480468750000000
0.06262207031250000000 0.23791503906250000000
-0.50341796875000000000 -0.45397949218750000000
-0.40979003906250000000 0.39172363281250000000
0.74536132812500000000 -0.48559570312500000000
-0.15661621093750000000 0.63293457031250000000
-0.87109375000000000000 -0.97705078125000000000
0.79394531250000000000 -0.66687011718750000000
-0.59326171875000000000 0.11560058593750000000
0.65246582031250000000 0.42456054687500000000
0.76354980468750000000 -0.01501464843750000000
-0.02648925781250000000 0.75561523437500000000
0.19689941406250000000 0.95178222656250000000
0.05456542968750000000 -0.07141113281250000000
0.24963378906250000000 0.53601074218750000000
0.71008300781250000000 -0.01049804687500000000
-0.43566894531250000000 0.33020019531250000000
0.76745605468750000000 -0.55029296875000000000
0.13537597656250000000 -0.78088378906250000000
-0.76977539062500000000 0.95800781250000000000
-0.54602050781250000000 0.63000488281250000000
0.19201660156250000000 -0.42919921875000000000
-0.52111816406250000000 0.17163085937500000000
-0.73718261718750000000 -0.23986816406250000000
-0.67626953125000000000 -0.64733886718750000000
0.68969726562500000000 -0.16235351562500000000
0.20434570312500000000 -0.40563964843750000000
0.92712402343750000000 -0.96679687500000000000
-0.30859375000000000000 -0.22521972656250000000
0.19128417968750000000 0.84179687500000000000
0.19799804687500000000 0.65637207031250000000
0.23144531250000000000 0.14819335937500000000
-0.88159179687500000000 -0.36267089843750000000
0.50061035156250000000 -0.53747558593750000000
0.89636230468750000000 0.91198730468750000000
0.06933593750000000000 0.12927246093750000000
-0.61486816406250000000 -0.56481933593750000000
0.50585937500000000000 -0.50097656250000000000
-0.98535156250000000000 0.91918945312500000000
-0.34350585937500000000 -0.52233886718750000000
0.83520507812500000000 -0.78662109375000000000
0.17675781250000000000 -0.63208007812500000000
0.71032714843750000000 0.53247070312500000000
0.20935058593750000000 0.41748046875000000000
0.64514160156250000000 -0.12414550781250000000
0.75891113281250000000 0.58764648437500000000
-0.35803222656250000000 0.03503417968750000000
-0.75415039062500000000 -0.17285156250000000000
0.44262695312500000000 -0.76513671875000000000
-0.11926269531250000000 0.76782226562500000000
-0.74658203125000000000 -0.44885253906250000000
0.17968750000000000000 0.23254394531250000000
-0.92785644531250000000 0.96911621093750000000
-0.59960937500000000000 -0.62121582031250000000
0.57666015625000000000 0.93041992187500000000
-0.97583007812500000000 0.30541992187500000000
-0.39331054687500000000 -0.74255371093750000000
-0.95727539062500000000 0.54382324218750000000
0.99499511718750000000 0.90356445312500000000
0.16406250000000000000 0.12561035156250000000
-0.41320800781250000000 0.37707519531250000000
0.85791015625000000000 -0.94726562500000000000
0.01428222656250000000 0.97814941406250000000
-0.09057617187500000000 -0.36303710937500000000
0.17578125000000000000 -0.95214843750000000000
-0.47167968750000000000 0.61718750000000000000
-0.38940429687500000000 0.94653320312500000000
-0.25671386718750000000 0.47521972656250000000
-0.51110839843750000000 -0.99450683593750000000
0.16906738281250000000 -0.87329101562500000000
0.39172363281250000000 0.16857910156250000000
-0.85607910156250000000 -0.32861328125000000000
0.94213867187500000000 0.76367187500000000000
0.50610351562500000000 0.74731445312500000000
0.61230468750000000000 0.97509765625000000000
0.50329589843750000000 0.43164062500000000000
-0.83984375000000000000 0.75378417968750000000
-0.03662109375000000000 -0.36071777343750000000
-0.10864257812500000000 -0.77758789062500000000
0.34497070312500000000 0.73071289062500000000
-0.10253906250000000000 -0.39306640625000000000
0.40856933593750000000 -0.16137695312500000000
0.36328125000000000000 0.29211425781250000000
0.39428710937500000000 0.21020507812500000000
0.23718261718750000000 -0.15820312500000000000
-0.69799804687500000000 -0.22766113281250000000
0.52160644531250000000 -0.75463867187500000000
0.56213378906250000000 0.06774902343750000000
0.80822753906250000000 -0.53430175781250000000
-0.53247070312500000000 0.50964355468750000000
-0.64660644531250000000 0.34973144531250000000
-0.21777343750000000000 -0.85620117187500000000
-0.35888671875000000000 0.97851562500000000000
0.63098144531250000000 0.56091308593750000000
0.22705078125000000000 -0.54431152343750000000
0.52001953125000000000 -0.93847656250000000000
-0.14465332031250000000 -0.04321289062500000000
-0.80114746093750000000 -0.29455566406250000000
-0.76989746093750000000 0.09301757812500000000
-0.25317382812500000000 0.31933593750000000000
-0.61230468750000000000 0.59448242187500000000
0.64147949218750000000 -0.97290039062500000000
0.19921875000000000000 0.42858886718750000000
0.37768554687500000000 -0.40942382812500000000
-0.01782226562500000000 0.97277832031250000000
-0.82360839843750000000 0.69250488281250000000
-0.52978515625000000000 0.12084960937500000000
-0.07678222656250000000 0.19555664062500000000
-0.60278320312500000000 -0.61584472656250000000
-0.94909667968750000000 -0.54748535156250000000
0.45874023437500000000 -0.69201660156250000000
0.44982910156250000000 -0.24438476562500000000
-0.33923339843750000000 -0.77612304687500000000
0.68701171875000000000 0.02258300781250000000
-0.14306640625000000000 0.27697753906250000000
0.72937011718750000000 -0.75561523437500000000
0.31408691406250000000 -0.31164550781250000000
0.16210937500000000000 -0.85925292968750000000
-0.59851074218750000000 0.05151367187500000000
0.05908203125000000000 0.30053710937500000000
0.78881835937500000000 0.23095703125000000000
-0.39001464843750000000 0.62768554687500000000
0.74194335937500000000 -0.52880859375000000000
0.81750488281250000000 0.23632812500000000000
-0.34033203125000000000 -0.39428710937500000000
0.36608886718750000000 -0.82250976562500000000
0.79846191406250000000 -0.38952636718750000000
-0.84863281250000000000 -0.85729980468750000000
0.75720214843750000000 0.91711425781250000000
-0.61828613281250000000 0.45434570312500000000
0.69958496093750000000 -0.79711914062500000000
0.33422851562500000000 0.57250976562500000000
-0.31127929687500000000 -0.29565429687500000000
-0.69726562500000000000 0.82287597656250000000
0.27075195312500000000 -0.00903320312500000000
0.69555664062500000000 0.74536132812500000000
0.64367675781250000000 -0.55895996093750000000
0.25646972656250000000 -0.26562500000000000000
0.91259765625000000000 -0.26635742187500000000
0.17980957031250000000 -0.80578613281250000000
-0.60437011718750000000 -0.33801269531250000000
-0.14135742187500000000 0.31945800781250000000
-0.32653808593750000000 -0.06689453125000000000
0.98388671875000000000 0.75842285156250000000
-0.23950195312500000000 -0.46069335937500000000
0.98535156250000000000 -0.29040527343750000000
0.03759765625000000000 -0.35925292968750000000
-0.65539550781250000000 0.10351562500000000000
-0.85083007812500000000 -0.62353515625000000000
-0.25939941406250000000 -0.65356445312500000000
-0.75317382812500000000 0.87890625000000000000
0.26904296875000000000 -0.24670410156250000000
-0.17211914062500000000 0.17419433593750000000
0.98181152343750000000 -0.88964843750000000000
0.85986328125000000000 -0.71826171875000000000
-0.70153808593750000000 -0.80725097656250000000
-0.21020507812500000000 0.62426757812500000000
-0.07678222656250000000 -0.79370117187500000000
0.12194824218750000000 0.03259277343750000000
0.56066894531250000000 -0.68884277343750000000
-0.02563476562500000000 -0.44238281250000000000
-0.16003417968750000000 0.76525878906250000000
-0.47595214843750000000 0.26318359375000000000
0.82165527343750000000 0.92736816406250000000
-0.95544433593750000000 0.19946289062500000000
0.64221191406250000000 -0.98095703125000000000
-0.62304687500000000000 -0.16870117187500000000
0.37145996093750000000 -0.95507812500000000000
-0.28955078125000000000 -0.37207031250000000000
0.94836425781250000000 -0.03674316406250000000
-0.75451660156250000000 0.15087890625000000000
-0.62487792968750000000 -0.52270507812500000000
0.77893066406250000000 0.11657714843750000000
0.16687011718750000000 -0.21020507812500000000
-0.38146972656250000000 0.01318359375000000000
-0.99841308593750000000 -0.60803222656250000000
-0.54479980468750000000 -0.68652343750000000000
-0.70922851562500000000 0.50903320312500000000
-0.59313964843750000000 -0.34008789062500000000
0.79260253906250000000 0.28845214843750000000
0.74621582031250000000 0.13085937500000000000
0.40063476562500000000 0.79907226562500000000
-0.05895996093750000000 0.76135253906250000000
0.65429687500000000000 -0.11376953125000000000
-0.00830078125000000000 -0.59057617187500000000
-0.27307128906250000000 0.26440429687500000000
-0.44885253906250000000 0.27368164062500000000
0.84948730468750000000 0.38488769531250000000
-0.22607421875000000000 0.81494140625000000000
-0.01428222656250000000 0.56518554687500000000
-0.49108886718750000000 0.25061035156250000000
0.76989746093750000000 0.20190429687500000000
-0.23352050781250000000 -0.57446289062500000000
-0.40490722656250000000 0.30273437500000000000
0.43518066406250000000 0.62902832031250000000
-0.61828613281250000000 0.84460449218750000000
-0.76367187500000000000 0.83325195312500000000
0.67395019531250000000 0.12219238281250000000
0.48828125000000000000 -0.48034667968750000000
0.18103027343750000000 -0.33239746093750000000
-0.51416015625000000000 0.99548339843750000000
0.24645996093750000000 0.05114746093750000000
0.27673339843750000000 0.63183593750000000000
-0.34484863281250000000 0.19409179687500000000
-0.86499023437500000000 0.01391601562500000000
0.76110839843750000000 -0.30297851562500000000
-0.08007812500000000000 0.07556152343750000000
0.52770996093750000000 -0.98657226562500000000
-0.49218750000000000000 0.75341796875000000000
0.18273925781250000000 0.12292480468750000000
-0.14245605468750000000 -0.95141601562500000000
-0.23583984375000000000 0.63635253906250000000
-0.74658203125000000000 -0.72924804687500000000
-0.51147460937500000000 -0.93872070312500000000
-0.84130859375000000000 -0.07531738281250000000
-0.39428710937500000000 0.92126464843750000000
0.48339843750000000000 -0.81274414062500000000
0.22998046875000000000 -0.86877441406250000000
0.34484863281250000000 0.75988769531250000000
-0.98327636718750000000 0.64270019531250000000
0.35681152343750000000 0.63989257812500000000
0.00634765625000000000 -0.06433105468750000000
-0.53820800781250000000 -0.14501953125000000000
-0.65014648437500000000 -0.19787597656250000000
-0.63000488281250000000 0.16442871093750000000
0.68847656250000000000 0.45788574218750000000
0.96520996093750000000 0.56860351562500000000
0.82751464843750000000 0.30957031250000000000
-0.30529785156250000000 0.12487792968750000000
0.56042480468750000000 -0.17517089843750000000
0.09289550781250000000 -0.36022949218750000000
0.63293457031250000000 -0.42749023437500000000
-0.03259277343750000000 -0.40759277343750000000
0.17993164062500000000 0.36547851562500000000
0.57458496093750000000 0.52490234375000000000
-0.79956054687500000000 0.19519042968750000000
0.07397460937500000000 -0.55432128906250000000
-0.26806640625000000000 -0.61120605468750000000
0.20861816406250000000 0.53137207031250000000
0.91760253906250000000 0.95739746093750000000
-0.21435546875000000000 -0.96813964843750000000
-0.21411132812500000000 -0.50219726562500000000
0.58129882812500000000 0.58459472656250000000
0.29016113281250000000 0.43835449218750000000
-0.21228027343750000000 -0.50805664062500000000
0.37792968750000000000 0.10974121093750000000
-0.19201660156250000000 0.17114257812500000000
-0.72778320312500000000 0.44274902343750000000
-0.09875488281250000000 -0.07263183593750000000
-0.33117675781250000000 -0.19030761718750000000
-0.56408691406250000000 -0.38403320312500000000
0.85156250000000000000 -0.52343750000000000000
0.37927246093750000000 -0.81494140625000000000
0.19763183593750000000 0.29174804687500000000
0.49328613281250000000 0.33911132812500000000
0.08398437500000000000 0.37463378906250000000
0.40112304687500000000 -0.99365234375000000000
0.86108398437500000000 -0.12353515625000000000
0.72521972656250000000 -0.75488281250000000000
-0.66516113281250000000 0.05322265625000000000
-0.47375488281250000000 0.95947265625000000000
-0.85681152343750000000 -0.00146484375000000000
0.95739746093750000000 -0.25073242187500000000
-0.52722167968750000000 0.62768554687500000000
0.32116699218750000000 0.93640136718750000000
-0.82067871093750000000 -0.42578125000000000000
-0.57849121093750000000 0.60595703125000000000
0.00561523437500000000 0.99230957031250000000
-0.79003906250000000000 -0.77636718750000000000
-0.22229003906250000000 0.06213378906250000000
0.07592773437500000000 0.62707519531250000000
-0.32153320312500000000 -0.24743652343750000000
0.11181640625000000000 -0.10839843750000000000
0.07348632812500000000 0.50183105468750000000
-0.21875000000000000000 -0.80334472656250000000
0.39257812500000000000 -0.27893066406250000000
0.35693359375000000000 0.12744140625000000000
0.37463378906250000000 -0.52282714843750000000
0.12292480468750000000 0.67993164062500000000
-0.28381347656250000000 0.53173828125000000000
0.22619628906250000000 0.93103027343750000000
0.87145996093750000000 0.04602050781250000000
0.19372558593750000000 -0.78698730468750000000
0.95922851562500000000 0.87329101562500000000
-0.11804199218750000000 0.66845703125000000000
0.47924804687500000000 0.08886718750000000000
-0.92480468750000000000 0.67260742187500000000
0.52941894531250000000 0.76342773437500000000
0.03662109375000000000 0.55212402343750000000
-0.98937988281250000000 0.14245605468750000000
-0.44555664062500000000 0.23059082031250000000
0.06970214843750000000 0.68872070312500000000
0.53588867187500000000 0.24438476562500000000
-0.89379882812500000000 -0.58703613281250000000
0.09814453125000000000 0.38293457031250000000
0.60192871093750000000 0.06408691406250000000
0.29919433593750000000 -0.47351074218750000000
0.86291503906250000000 -0.99841308593750000000
-0.85058593750000000000 -0.52905273437500000000
-0.44641113281250000000 0.34716796875000000000
0.83850097656250000000 0.75659179687500000000
0.53002929687500000000 0.66137695312500000000
0.19946289062500000000 -0.78381347656250000000
0.66589355468750000000 -0.85778808593750000000
0.79211425781250000000 0.52319335937500000000
0.94543457031250000000 -0.43029785156250000000
0.99707031250000000000 -0.45642089843750000000
-0.72070312500000000000 -0.99597167968750000000
-0.85888671875000000000 -0.80297851562500000000
-0.85302734375000000000 -0.72875976562500000000
-0.97045898437500000000 -0.68127441406250000000
0.94360351562500000000 -0.10937500000000000000
-0.81042480468750000000 0.62829589843750000000
0.68347167968750000000 0.62463378906250000000
0.37036132812500000000 0.81994628906250000000
-0.02490234375000000000 -0.11279296875000000000
-0.30664062500000000000 0.41748046875000000000
-0.29272460937500000000 -0.02331542968750000000
-0.49230957031250000000 -0.90026855468750000000
0.82202148437500000000 -0.83911132812500000000
0.45129394531250000000 -0.50805664062500000000
-0.94812011718750000000 0.96325683593750000000
-0.07690429687500000000 0.38378906250000000000
-0.43737792968750000000 -0.46398925781250000000
-0.94201660156250000000 0.41247558593750000000
0.76940917968750000000 0.32263183593750000000
0.54199218750000000000 -0.91345214843750000000
-0.34057617187500000000 -0.27697753906250000000
0.59313964843750000000 0.54748535156250000000
-0.35070800781250000000 -0.84289550781250000000
-0.38427734375000000000 0.76879882812500000000
0.85620117187500000000 0.86169433593750000000
0.95385742187500000000 0.70617675781250000000
0.04711914062500000000 -0.76525878906250000000
0.90393066406250000000 0.13037109375000000000
0.77600097656250000000 0.41516113281250000000
0.03601074218750000000 0.77600097656250000000
-0.25451660156250000000 -0.80847167968750000000
0.42065429687500000000 0.63159179687500000000
-0.08874511718750000000 -0.44396972656250000000
0.21044921875000000000 0.18457031250000000000
0.98083496093750000000 0.43957519531250000000
0.54785156250000000000 0.55407714843750000000
-0.33142089843750000000 -0.41064453125000000000
-0.82202148437500000000 0.21472167968750000000
-0.63024902343750000000 -0.42504882812500000000
0.05371093750000000000 0.99658203125000000000
-0.16577148437500000000 0.62902832031250000000
0.60131835937500000000 -0.17199707031250000000
0.86645507812500000000 0.75830078125000000000
-0.64428710937500000000 0.46496582031250000000
0.72009277343750000000 0.85754394531250000000
0.91479492187500000000 -0.65673828125000000000
0.91894531250000000000 -0.41027832031250000000
-0.92431640625000000000 -0.81250000000000000000
-0.88488769531250000000 -0.36401367187500000000
-0.98840332031250000000 -0.23767089843750000000
-0.37463378906250000000 0.26538085937500000000
-0.88854980468750000000 -0.05700683593750000000
-0.41223144531250000000 0.43530273437500000000
-0.28796386718750000000 -0.46154785156250000000
0.90734863281250000000 -0.65393066406250000000
-0.04614257812500000000 -0.24169921875000000000
-0.44348144531250000000 -0.12377929687500000000
0.00598144531250000000 -0.15576171875000000000
0.28674316406250000000 0.82714843750000000000
-0.77746582031250000000 -0.46081542968750000000
0.51611328125000000000 -0.29589843750000000000
0.70385742187500000000 -0.56958007812500000000
0.68847656250000000000 -0.25610351562500000000
0.78100585937500000000 -0.22033691406250000000
-0.23632812500000000000 0.15087890625000000000
-0.11242675781250000000 -0.44323730468750000000
-0.79687500000000000000 -0.48095703125000000000
-0.54833984375000000000 0.43811035156250000000
0.94262695312500000000 0.82031250000000000000
-0.43078613281250000000 -0.75585937500000000000
0.81481933593750000000 -0.63537597656250000000
0.78112792968750000000 -0.73376464843750000000
0.84497070312500000000 0.36718750000000000000
-0.68774414062500000000 -0.57202148437500000000
0.75939941406250000000 0.20910644531250000000
0.26403808593750000000 -0.59667968750000000000
-0.57873535156250000000 0.63549804687500000000
-0.30981445312500000000 -0.36779785156250000000
-0.68017578125000000000 0.33923339843750000000
-0.11132812500000000000 -0.70251464843750000000
-0.83239746093750000000 -0.38806152343750000000
-0.66931152343750000000 -0.40551757812500000000
-0.60559082031250000000 0.27014160156250000000
0.38208007812500000000 0.36181640625000000000
0.14758300781250000000 0.69055175781250000000
0.74670410156250000000 -0.63330078125000000000
-0.51074218750000000000 0.52087402343750000000
0.25915527343750000000 0.42382812500000000000
-0.93115234375000000000 0.11511230468750000000
0.03234863281250000000 0.30029296875000000000
0.72644042968750000000 -0.82006835937500000000
0.96826171875000000000 -0.70629882812500000000
-0.98022460937500000000 -0.16882324218750000000
-0.49426269531250000000 0.42272949218750000000
-0.55224609375000000000 -0.66430664062500000000
-0.90490722656250000000 -0.22204589843750000000
-0.97961425781250000000 -0.00415039062500000000
-0.01965332031250000000 0.87011718750000000000
-0.90905761718750000000 -0.88964843750000000000
-0.44335937500000000000 0.65795898437500000000
0.27990722656250000000 0.96826171875000000000
-0.41064453125000000000 -0.46545410156250000000
-0.46069335937500000000 0.78015136718750000000
0.18115234375000000000 -0.41943359375000000000
-0.23889160156250000000 0.59802246093750000000
0.40502929687500000000 -0.08032226562500000000
-0.00781250000000000000 0.19519042968750000000
0.26647949218750000000 -0.52661132812500000000
-0.29321289062500000000 0.37524414062500000000
-0.42590332031250000000 -0.70263671875000000000
-0.73364257812500000000 0.11938476562500000000
0.87414550781250000000 -0.01135253906250000000
0.60961914062500000000 0.67443847656250000000
0.87609863281250000000 -0.03710937500000000000
-0.62927246093750000000 0.56945800781250000000
0.86633300781250000000 -0.19946289062500000000
0.87145996093750000000 -0.38415527343750000000
-0.43286132812500000000 0.57446289062500000000
-0.45068359375000000000 -0.16308593750000000000
0.10290527343750000000 -0.00646972656250000000
-0.62939453125000000000 0.15466308593750000000
-0.11584472656250000000 0.63928222656250000000
-0.62939453125000000000 0.16259765625000000000
0.89477539062500000000 -0.18774414062500000000
-0.01232910156250000000 -0.67883300781250000000
0.92785644531250000000 0.40417480468750000000
0.28991699218750000000 0.76647949218750000000
-0.03137207031250000000 -0.78320312500000000000
0.93542480468750000000 -0.06762695312500000000
-0.71362304687500000000 0.86901855468750000000
0.26464843750000000000 0.12707519531250000000
0.32373046875000000000 0.09045410156250000000
-0.13232421875000000000 -0.87304687500000000000
-0.88122558593750000000 0.07055664062500000000
-0.01452636718750000000 0.30908203125000000000
-0.06970214843750000000 -0.70678710937500000000
0.61352539062500000000 0.91271972656250000000
-0.48669433593750000000 -0.60766601562500000000
-0.21716308593750000000 0.34790039062500000000
-0.51965332031250000000 -0.45129394531250000000
0.37292480468750000000 -0.78308105468750000000
0.97973632812500000000 -0.47814941406250000000
-0.64514160156250000000 -0.33166503906250000000
0.64294433593750000000 -0.07055664062500000000
-0.53796386718750000000 -0.53125000000000000000
-0.88403320312500000000 0.45495605468750000000
-0.72241210937500000000 0.61437988281250000000
0.87036132812500000000 0.58190917968750000000
0.77709960937500000000 0.43151855468750000000
-0.42150878906250000000 -0.46069335937500000000
0.89550781250000000000 -0.57910156250000000000
0.69982910156250000000 -0.78173828125000000000
-0.13073730468750000000 -0.20666503906250000000
-0.06384277343750000000 -0.82543945312500000000
0.25976562500000000000 0.31079101562500000000
-0.68395996093750000000 0.89965820312500000000
-0.97045898437500000000 0.51123046875000000000
-0.46899414062500000000 -0.76623535156250000000
-0.96911621093750000000 -0.95898437500000000000
0.34899902343750000000 -0.33020019531250000000
0.10290527343750000000 0.98571777343750000000
-0.35668945312500000000 -0.37438964843750000000
0.56042480468750000000 0.47497558593750000000
-0.70837402343750000000 0.43310546875000000000
-0.51025390625000000000 0.14514160156250000000
-0.41540527343750000000 -0.26464843750000000000
-0.60815429687500000000 -0.58349609375000000000
-0.82409667968750000000 0.95996093750000000000
0.73999023437500000000 -0.86816406250000000000
-0.82360839843750000000 -0.52758789062500000000
0.36743164062500000000 -0.38220214843750000000
-0.75915527343750000000 0.81896972656250000000
-0.97863769531250000000 0.42675781250000000000
0.11450195312500000000 -0.46923828125000000000
0.81420898437500000000 -0.67102050781250000000
0.72094726562500000000 0.76098632812500000000
-0.32312011718750000000 0.58752441406250000000
-0.94567871093750000000 -0.92321777343750000000
0.60168457031250000000 0.75854492187500000000
0.61193847656250000000 0.17590332031250000000
0.73693847656250000000 -0.08496093750000000000
0.33923339843750000000 0.34765625000000000000
0.61560058593750000000 -0.92114257812500000000
0.79504394531250000000 -0.33935546875000000000
-0.09228515625000000000 -0.82385253906250000000
0.11560058593750000000 0.36730957031250000000
0.01220703125000000000 -0.20397949218750000000
0.38391113281250000000 -0.04211425781250000000
0.36584472656250000000 -0.42041015625000000000
0.04064941406250000000 0.57653808593750000000
0.65698242187500000000 -0.90698242187500000000
0.01159667968750000000 -0.43774414062500000000
0.64965820312500000000 0.18115234375000000000
-0.43627929687500000000 0.58032226562500000000
-0.64306640625000000000 0.20324707031250000000
0.93969726562500000000 0.46093750000000000000
0.48388671875000000000 -0.95300292968750000000
-0.48046875000000000000 -0.49011230468750000000
0.16247558593750000000 -0.91577148437500000000
0.91052246093750000000 0.00000000000000000000
-0.83850097656250000000 0.97827148437500000000
-0.83288574218750000000 -0.97290039062500000000
0.23828125000000000000 -0.11828613281250000000
-0.55102539062500000000 -0.99047851562500000000
0.53039550781250000000 0.22583007812500000000
0.13635253906250000000 -0.63330078125000000000
0.33239746093750000000 0.42553710937500000000
-0.78442382812500000000 -0.68066406250000000000
-0.83142089843750000000 0.65710449218750000000
0.25024414062500000000 -0.58764648437500000000
-0.18054199218750000000 -0.29553222656250000000
-0.82543945312500000000 -0.53881835937500000000
-0.25781250000000000000 0.61535644531250000000
0.34423828125000000000 -0.01940917968750000000
-0.62084960937500000000 0.74768066406250000000
0.79150390625000000000 -0.73986816406250000000
0.89965820312500000000 -0.00207519531250000000
0.92309570312500000000 0.55322265625000000000
0.46020507812500000000 0.96240234375000000000
-0.18737792968750000000 0.34680175781250000000
0.48754882812500000000 -0.63403320312500000000
-0.42407226562500000000 0.51953125000000000000
-0.37121582031250000000 -0.85070800781250000000
0.21179199218750000000 0.52551269531250000000
0.18969726562500000000 0.65563964843750000000
0.75732421875000000000 0.11840820312500000000
-0.49084472656250000000 -0.01452636718750000000
0.53234863281250000000 0.87304687500000000000
0.88208007812500000000 -0.99975585937500000000
-0.99792480468750000000 -0.98083496093750000000
-0.04785156250000000000 -0.49609375000000000000
0.31408691406250000000 0.01135253906250000000
0.68664550781250000000 0.08081054687500000000
-0.63256835937500000000 -0.25744628906250000000
0.71228027343750000000 -0.41455078125000000000
-0.27124023437500000000 -0.59521484375000000000
0.78454589843750000000 0.60058593750000000000
-0.94458007812500000000 -0.36816406250000000000
-0.82922363281250000000 -0.01501464843750000000
0.96276855468750000000 0.62255859375000000000
0.21899414062500000000 0.22473144531250000000
-0.16479492187500000000 -0.18273925781250000000
-0.66162109375000000000 -0.64624023437500000000
0.29980468750000000000 -0.20471191406250000000
-0.92602539062500000000 -0.02954101562500000000
-0.37683105468750000000 0.98120117187500000000
-0.35302734375000000000 -0.43164062500000000000
0.21484375000000000000 -0.66870117187500000000
0.30163574218750000000 -0.55883789062500000000
0.69213867187500000000 -0.57702636718750000000
0.85510253906250000000 -0.84790039062500000000
0.32092285156250000000 -0.27014160156250000000
0.15637207031250000000 -0.43054199218750000000
-0.20251464843750000000 0.77514648437500000000
0.93322753906250000000 0.56054687500000000000
-0.69189453125000000000 -0.78186035156250000000
0.79016113281250000000 0.70104980468750000000
-0.37792968750000000000 -0.78076171875000000000
0.09692382812500000000 0.44042968750000000000
0.36413574218750000000 0.14562988281250000000
-0.52709960937500000000 -0.82641601562500000000
-0.66455078125000000000 0.81066894531250000000
0.01696777343750000000 0.74914550781250000000
0.58374023437500000000 0.68774414062500000000
0.38488769531250000000 -0.26086425781250000000
-0.76208496093750000000 -0.55407714843750000000
0.80151367187500000000 0.99426269531250000000
-0.04052734375000000000 0.63464355468750000000
0.89331054687500000000 -0.91577148437500000000
0.10681152343750000000 -0.25341796875000000000
-0.83044433593750000000 0.62438964843750000000
-0.59509277343750000000 0.05676269531250000000
0.70849609375000000000 -0.50573730468750000000
0.41186523437500000000 0.58581542968750000000
0.78991699218750000000 -0.47644042968750000000
-0.34167480468750000000 -0.99914550781250000000
0.05603027343750000000 -0.53735351562500000000
0.30078125000000000000 0.98669433593750000000
0.18859863281250000000 0.31237792968750000000
-0.53710937500000000000 -0.55871582031250000000
-0.14636230468750000000 0.37231445312500000000
-0.50378417968750000000 0.37390136718750000000
0.69128417968750000000 0.28149414062500000000
0.97338867187500000000 -0.85888671875000000000
-0.86682128906250000000 -0.51403808593750000000
0.42785644531250000000 0.74169921875000000000
-0.33972167968750000000 0.46948242187500000000
0.25085449218750000000 -0.66442871093750000000
-0.48376464843750000000 -0.40283203125000000000
0.30200195312500000000 0.12548828125000000000
-0.25769042968750000000 0.65283203125000000000
-0.41040039062500000000 -0.59899902343750000000
0.82348632812500000000 -0.79663085937500000000
0.88500976562500000000 -0.23620605468750000000
0.22705078125000000000 0.82470703125000000000
-0.57104492187500000000 -0.47900390625000000000
0.87878417968750000000 -0.78344726562500000000
0.50085449218750000000 -0.88806152343750000000
0.50219726562500000000 -0.29663085937500000000
-0.57653808593750000000 -0.92480468750000000000
0.66027832031250000000 0.16601562500000000000
-0.51977539062500000000 0.34509277343750000000
0.26318359375000000000 -0.07897949218750000000
0.42150878906250000000 0.48217773437500000000
0.48474121093750000000 0.00207519531250000000
-0.21948242187500000000 0.40466308593750000000
0.51965332031250000000 -0.53869628906250000000
0.80590820312500000000 0.48925781250000000000
0.17480468750000000000 0.00329589843750000000
-0.81921386718750000000 0.41076660156250000000
-0.74206542968750000000 -0.10656738281250000000
-0.78942871093750000000 0.01184082031250000000
-0.65454101562500000000 -0.91687011718750000000
-0.74719238281250000000 -0.02136230468750000000
0.55664062500000000000 -0.71545410156250000000
-0.92114257812500000000 -0.71496582031250000000
-0.51684570312500000000 -0.13330078125000000000
0.75817871093750000000 0.15246582031250000000
0.94702148437500000000 -0.31384277343750000000
0.21081542968750000000 -0.67907714843750000000
0.95251464843750000000 0.48278808593750000000
-0.91308593750000000000 0.92614746093750000000
0.89709472656250000000 0.46728515625000000000
-0.37744140625000000000 -0.84582519531250000000
0.59790039062500000000 0.68176269531250000000
0.62121582031250000000 -0.86499023437500000000
0.71997070312500000000 -0.12731933593750000000
-0.08288574218750000000 0.85766601562500000000
0.86132812500000000000 -0.47363281250000000000
-0.48425292968750000000 -0.74414062500000000000
0.86889648437500000000 0.52453613281250000000
0.23828125000000000000 0.85717773437500000000
0.97094726562500000000 -0.34851074218750000000
-0.93469238281250000000 -0.53503417968750000000
0.45031738281250000000 -0.63500976562500000000
0.13110351562500000000 0.92651367187500000000
-0.01513671875000000000 0.15332031250000000000
-0.48156738281250000000 0.72021484375000000000
-0.34631347656250000000 -0.38330078125000000000
-0.50109863281250000000 -0.88708496093750000000
-0.56152343750000000000 -0.09240722656250000000
0.59936523437500000000 -0.58581542968750000000
0.00476074218750000000 0.03796386718750000000
-0.83361816406250000000 0.07592773437500000000
0.55395507812500000000 -0.41137695312500000000
0.06726074218750000000 -0.38513183593750000000
0.47875976562500000000 -0.95166015625000000000
0.03076171875000000000 -0.15917968750000000000
-0.20007324218750000000 -0.35266113281250000000
0.97253417968750000000 0.23901367187500000000
-0.94348144531250000000 0.71948242187500000000
0.86547851562500000000 -0.01477050781250000000
0.86169433593750000000 -0.83459472656250000000
-0.21813964843750000000 0.86694335937500000000
-0.57104492187500000000 0.61669921875000000000
0.23840332031250000000 -0.26892089843750000000
-0.64404296875000000000 -0.33850097656250000000
0.60644531250000000000 0.87585449218750000000
-0.49218750000000000000 -0.25024414062500000000
-0.41833496093750000000 0.27160644531250000000
0.83178710937500000000 0.97070312500000000000
0.80578613281250000000 -0.92651367187500000000
0.07080078125000000000 -0.37072753906250000000
0.72570800781250000000 -0.53747558593750000000
-0.29492187500000000000 0.84472656250000000000
0.99572753906250000000 0.10229492187500000000
-0.13256835937500000000 -0.89257812500000000000
-0.41040039062500000000 0.51049804687500000000
-0.91687011718750000000 0.36816406250000000000
0.97937011718750000000 0.32434082031250000000
-0.07019042968750000000 0.91149902343750000000
0.46911621093750000000 0.74914550781250000000
0.28161621093750000000 0.50646972656250000000
0.44616699218750000000 -0.55468750000000000000
-0.89782714843750000000 -0.72399902343750000000
0.84008789062500000000 -0.55822753906250000000
0.85363769531250000000 -0.58898925781250000000
0.10400390625000000000 0.13598632812500000000
0.92785644531250000000 0.32604980468750000000
-0.43811035156250000000 0.05480957031250000000
0.20434570312500000000 -0.88732910156250000000
-0.20703125000000000000 -0.27368164062500000000
0.25610351562500000000 0.93542480468750000000
-0.39868164062500000000 0.39099121093750000000
0.63867187500000000000 -0.26049804687500000000
-0.86047363281250000000 0.34326171875000000000
-0.91625976562500000000 -0.46972656250000000000
-0.90124511718750000000 -0.84509277343750000000
-0.69909667968750000000 0.05615234375000000000
-0.20935058593750000000 -0.42041015625000000000
0.91076660156250000000 -0.03674316406250000000
-0.77844238281250000000 0.80395507812500000000
0.29516601562500000000 0.30346679687500000000
0.05529785156250000000 0.44665527343750000000
-0.29345703125000000000 -0.79479980468750000000
-0.60363769531250000000 -0.04064941406250000000
-0.55883789062500000000 -0.19128417968750000000
-0.91235351562500000000 0.29370117187500000000
0.42626953125000000000 -0.42456054687500000000
0.30773925781250000000 -0.23388671875000000000
-0.11242675781250000000 0.96203613281250000000
0.43786621093750000000 -0.77038574218750000000
-0.78002929687500000000 -0.60021972656250000000
0.87744140625000000000 -0.52185058593750000000
0.69531250000000000000 0.39331054687500000000
0.31811523437500000000 0.42736816406250000000
-0.24230957031250000000 0.56945800781250000000
-0.16687011718750000000 -0.23791503906250000000
-0.03564453125000000000 0.70483398437500000000
0.87060546875000000000 0.39465332031250000000
0.72717285156250000000 0.42651367187500000000
-0.04418945312500000000 0.64392089843750000000
0.10900878906250000000 0.25781250000000000000
0.75085449218750000000 -0.15551757812500000000
0.89855957031250000000 -0.93835449218750000000
0.27832031250000000000 0.19091796875000000000
0.49707031250000000000 0.12756347656250000000
-0.29675292968750000000 0.20166015625000000000
0.83605957031250000000 -0.35424804687500000000
0.67346191406250000000 0.10974121093750000000
0.10412597656250000000 -0.65673828125000000000
0.73522949218750000000 0.29968261718750000000
0.69970703125000000000 -0.85668945312500000000
0.61682128906250000000 0.75012207031250000000
-0.73864746093750000000 -0.56774902343750000000
0.07202148437500000000 -0.41235351562500000000
0.80151367187500000000 0.76953125000000000000
0.54162597656250000000 0.76721191406250000000
-0.15856933593750000000 0.67248535156250000000
0.95581054687500000000 -0.34606933593750000000
-0.49841308593750000000 0.80468750000000000000
-0.33276367187500000000 0.54357910156250000000
0.90844726562500000000 0.31616210937500000000
0.61743164062500000000 0.79956054687500000000
0.80065917968750000000 0.56628417968750000000
-0.97680664062500000000 -0.15051269531250000000
-0.24047851562500000000 -0.35144042968750000000
-0.52893066406250000000 -0.21228027343750000000
-0.40808105468750000000 -0.87719726562500000000
0.47595214843750000000 -0.27319335937500000000
0.44812011718750000000 -0.29394531250000000000
-0.07641601562500000000 0.73120117187500000000
-0.26940917968750000000 0.77734375000000000000
0.16943359375000000000 0.92614746093750000000
0.06738281250000000000 -0.34362792968750000000
0.10119628906250000000 0.38659667968750000000
0.23095703125000000000 0.26611328125000000000
-0.20874023437500000000 -0.51513671875000000000
0.54345703125000000000 0.73999023437500000000
-0.49755859375000000000 -0.57177734375000000000
0.31152343750000000000 0.49548339843750000000
0.92077636718750000000 -0.71069335937500000000
-0.99291992187500000000 -0.78637695312500000000
0.44677734375000000000 0.44067382812500000000
-0.78198242187500000000 0.05261230468750000000
0.08752441406250000000 -0.11413574218750000000
0.25378417968750000000 0.55639648437500000000
-0.51416015625000000000 -0.28247070312500000000
0.82763671875000000000 0.70666503906250000000
0.24462890625000000000 0.92431640625000000000
-0.53662109375000000000 0.95825195312500000000
0.54028320312500000000 -0.44470214843750000000
-0.78894042968750000000 -0.17004394531250000000
0.11047363281250000000 0.45007324218750000000
-0.81005859375000000000 0.78967285156250000000
0.16198730468750000000 0.42260742187500000000
-0.49401855468750000000 0.51623535156250000000
0.29895019531250000000 0.76684570312500000000
0.43164062500000000000 -0.26611328125000000000
0.04833984375000000000 0.08508300781250000000
0.31506347656250000000 0.06958007812500000000
0.62658691406250000000 0.29516601562500000000
0.61499023437500000000 0.79040527343750000000
0.23937988281250000000 0.20166015625000000000
-0.09777832031250000000 0.93981933593750000000
-0.18408203125000000000 0.46423339843750000000
0.74951171875000000000 -0.16943359375000000000
0.40588378906250000000 0.16223144531250000000
-0.63012695312500000000 0.84460449218750000000
0.13146972656250000000 0.23706054687500000000
0.81762695312500000000 0.41979980468750000000
-0.69860839843750000000 0.32263183593750000000
0.69104003906250000000 -0.32775878906250000000
0.64038085937500000000 -0.59338378906250000000
-0.00134277343750000000 -0.18432617187500000000
-0.92480468750000000000 -0.69848632812500000000
-0.70495605468750000000 0.65270996093750000000
0.84533691406250000000 0.42089843750000000000
-0.91174316406250000000 -0.19787597656250000000
-0.25500488281250000000 -0.65722656250000000000
0.23803710937500000000 0.75158691406250000000
-0.60607910156250000000 0.27807617187500000000
0.96215820312500000000 0.99316406250000000000
-0.68811035156250000000 -0.79785156250000000000
0.07934570312500000000 -0.51025390625000000000
0.23596191406250000000 -0.83264160156250000000
-0.53796386718750000000 0.48950195312500000000
-0.06738281250000000000 -0.68090820312500000000
-0.01794433593750000000 0.76330566406250000000
0.53369140625000000000 -0.01708984375000000000
0.26855468750000000000 0.05236816406250000000
-0.06494140625000000000 -0.91491699218750000000
0.33386230468750000000 0.22814941406250000000
-0.09326171875000000000 -0.54479980468750000000
0.05139160156250000000 -0.57299804687500000000
0.31713867187500000000 0.79064941406250000000
-0.63757324218750000000 0.77600097656250000000
0.57604980468750000000 -0.98950195312500000000
0.20568847656250000000 0.66455078125000000000
0.96069335937500000000 0.80456542968750000000
-0.55517578125000000000 0.02392578125000000000
-0.06750488281250000000 0.31237792968750000000
0.79125976562500000000 0.53552246093750000000
0.20288085937500000000 0.37084960937500000000
0.45190429687500000000 -0.08178710937500000000
-0.17260742187500000000 0.14685058593750000000
0.36865234375000000000 0.14807128906250000000
0.89208984375000000000 0.68420410156250000000
-0.59960937500000000000 -0.51916503906250000000
0.61474609375000000000 0.51440429687500000000
0.93908691406250000000 0.62463378906250000000
-0.97082519531250000000 0.59411621093750000000
-0.56958007812500000000 0.61535644531250000000
-0.76525878906250000000 0.65856933593750000000
0.53479003906250000000 -0.16491699218750000000
-0.83752441406250000000 0.23571777343750000000
0.99682617187500000000 0.51049804687500000000
-0.22082519531250000000 0.53955078125000000000
0.81042480468750000000 0.91723632812500000000
-0.62280273437500000000 0.95019531250000000000
-0.11828613281250000000 0.12951660156250000000
0.68957519531250000000 -0.06848144531250000000
0.19055175781250000000 0.67102050781250000000
-0.07568359375000000000 -0.56005859375000000000
0.02526855468750000000 0.53283691406250000000
0.14782714843750000000 -0.61596679687500000000
-0.11938476562500000000 0.18322753906250000000
-0.61291503906250000000 0.21362304687500000000
-0.77209472656250000000 -0.11633300781250000000
-0.69750976562500000000 0.72912597656250000000
-0.89501953125000000000 0.08691406250000000000
0.11730957031250000000 -0.01452636718750000000
0.69543457031250000000 -0.16369628906250000000
-0.28173828125000000000 -0.87561035156250000000
-0.84936523437500000000 -0.27575683593750000000
-0.14855957031250000000 -0.81433105468750000000
0.20397949218750000000 0.13122558593750000000
-0.14916992187500000000 0.28100585937500000000
0.62145996093750000000 0.53552246093750000000
0.88378906250000000000 0.26501464843750000000
0.73986816406250000000 -0.62585449218750000000
0.40795898437500000000 0.50048828125000000000
-0.05944824218750000000 0.09777832031250000000
0.36535644531250000000 -0.79565429687500000000
-0.97314453125000000000 -0.95031738281250000000
0.96496582031250000000 -0.40246582031250000000
-0.65588378906250000000 0.38000488281250000000
0.81250000000000000000 0.86560058593750000000
0.61425781250000000000 0.93298339843750000000
0.60021972656250000000 0.52905273437500000000
-0.46215820312500000000 -0.41345214843750000000
-0.56164550781250000000 0.24414062500000000000
-0.14245605468750000000 -0.53784179687500000000
0.69873046875000000000 0.50134277343750000000
-0.09924316406250000000 -0.66821289062500000000
0.87084960937500000000 0.51293945312500000000
-0.29467773437500000000 0.73718261718750000000
0.23876953125000000000 0.03906250000000000000
0.96142578125000000000 -0.86877441406250000000
0.28686523437500000000 -0.10217285156250000000
-0.90905761718750000000 0.67565917968750000000
-0.07287597656250000000 -0.64050292968750000000
-0.33044433593750000000 -0.92285156250000000000
0.06433105468750000000 0.46533203125000000000
-0.43054199218750000000 0.12609863281250000000
-0.75549316406250000000 -0.91589355468750000000
0.33654785156250000000 0.96972656250000000000
0.36267089843750000000 0.13867187500000000000
0.73425292968750000000 0.17028808593750000000
-0.73522949218750000000 0.57983398437500000000
0.59729003906250000000 0.80529785156250000000
0.65356445312500000000 -0.87854003906250000000
0.29309082031250000000 -0.30297851562500000000
-0.59020996093750000000 -0.59985351562500000000
-0.47717285156250000000 -0.06970214843750000000
-0.16296386718750000000 -0.81701660156250000000
0.08361816406250000000 -0.86376953125000000000
-0.04516601562500000000 -0.39819335937500000000
-0.06506347656250000000 0.80871582031250000000
0.67968750000000000000 0.95104980468750000000
0.74023437500000000000 0.52746582031250000000
0.63354492187500000000 -0.99853515625000000000
0.75561523437500000000 0.47045898437500000000
0.14196777343750000000 -0.95605468750000000000
0.92810058593750000000 -0.66284179687500000000
0.21313476562500000000 -0.97900390625000000000
0.20788574218750000000 -0.70178222656250000000
-0.36145019531250000000 0.37500000000000000000
0.36242675781250000000 0.40405273437500000000
-0.89611816406250000000 -0.25781250000000000000
-0.73095703125000000000 0.46240234375000000000
-0.73950195312500000000 0.69458007812500000000
0.31042480468750000000 -0.73925781250000000000
-0.64929199218750000000 -0.82519531250000000000
-0.31774902343750000000 -0.25610351562500000000
-0.91137695312500000000 -0.19226074218750000000
-0.53247070312500000000 -0.44714355468750000000
0.92846679687500000000 0.50830078125000000000
0.01831054687500000000 -0.35644531250000000000
-0.69787597656250000000 0.60034179687500000000
0.04602050781250000000 0.82263183593750000000
0.88696289062500000000 0.02624511718750000000
0.73132324218750000000 -0.14111328125000000000
-0.21582031250000000000 -0.81677246093750000000
-0.43225097656250000000 -0.45263671875000000000
0.52343750000000000000 0.77331542968750000000
-0.51904296875000000000 -0.50805664062500000000
-0.49157714843750000000 0.24243164062500000000
-0.83178710937500000000 -0.01000976562500000000
0.72827148437500000000 -0.81127929687500000000
-0.10424804687500000000 0.79870605468750000000
0.12353515625000000000 -0.86450195312500000000
0.47338867187500000000 0.36145019531250000000
0.59301757812500000000 0.94396972656250000000
-0.10498046875000000000 0.41870117187500000000
-0.63171386718750000000 -0.34814453125000000000
0.65747070312500000000 -0.85314941406250000000
-0.93798828125000000000 0.15942382812500000000
0.89343261718750000000 0.46704101562500000000
