-0.00137329101562500000,
0.00018310546875000000,
0.00131225585937500000,
-0.00061035156250000000,
-0.00042724609375000000,
0.00189208984375000000,
-0.00039672851562500000,
-0.00161743164062500000,
0.00225830078125000000,
0.00064086914062500000,
-0.00305175781250000000,
0.00192260742187500000,
0.00256347656250000000,
-0.00421142578125000000,
0.00036621093750000000,
0.00506591796875000000,
-0.00430297851562500000,
-0.00262451171875000000,
0.00741577148437500000,
-0.00256347656250000000,
-0.00683593750000000000,
0.00851440429687500000,
0.00155639648437500000,
-0.01135253906250000000,
0.00708007812500000000,
0.00802612304687500000,
-0.01467895507812500000,
0.00201416015625000000,
0.01593017578125000000,
-0.01486206054687500000,
-0.00729370117187500000,
0.02346801757812500000,
-0.00976562500000000000,
-0.02047729492187500000,
0.02798461914062500000,
0.00262451171875000000,
-0.03628540039062500000,
0.02584838867187500000,
0.02441406250000000000,
-0.05258178710937500000,
0.01174926757812500000,
0.05972290039062500000,
-0.06680297851562500000,
-0.02706909179687500000,
0.12655639648437500000,
-0.07653808593750000000,
-0.17266845703125000000,
0.48062133789062500000,
0.99996948242187500000,
0.48062133789062500000,
-0.17266845703125000000,
-0.07653808593750000000,
0.12655639648437500000,
-0.02706909179687500000,
-0.06680297851562500000,
0.05972290039062500000,
0.01174926757812500000,
-0.05258178710937500000,
0.02441406250000000000,
0.02584838867187500000,
-0.03628540039062500000,
0.00262451171875000000,
0.02798461914062500000,
-0.02047729492187500000,
-0.00976562500000000000,
0.02346801757812500000,
-0.00729370117187500000,
-0.01486206054687500000,
0.01593017578125000000,
0.00201416015625000000,
-0.01467895507812500000,
0.00802612304687500000,
0.00708007812500000000,
-0.01135253906250000000,
0.00155639648437500000,
0.00851440429687500000,
-0.00683593750000000000,
-0.00256347656250000000,
0.00741577148437500000,
-0.00262451171875000000,
-0.00430297851562500000,
0.00506591796875000000,
0.00036621093750000000,
-0.00421142578125000000,
0.00256347656250000000,
0.00192260742187500000,
-0.00305175781250000000,
0.00064086914062500000,
0.00225830078125000000,
-0.00161743164062500000,
-0.00039672851562500000,
0.00189208984375000000,
-0.00042724609375000000,
-0.00061035156250000000,
0.00131225585937500000,
0.00018310546875000000,
-0.00137329101562500000
